  0.06303115049072663  0.14723094045022950  0.14862854756712574  0.15002615468402195
  0.15142376180091818  0.15282136891781442  0.15421897603471063  0.15561658315160687
  0.15701419026850311  0.15841179738539934  0.15980940450229555  0.16120701161919179
  0.16260461873608803  0.16400222585298427  0.16539983296988048  0.16683145358108750
  0.16859257112448539  0.17035368866788328  0.17211480621128117  0.17387592375467903
  0.17563704129807692  0.17739815884147481  0.17915927638487270  0.18092039392827058
  0.18268151147166847  0.18444262901506633  0.18620374655846422  0.21594469229063645
  0.29365900327021394  0.30036001524115136  0.30706102721208872  0.31376203918302609
  0.32046305115396351  0.32716406312490087  0.33386507509583824  0.34056608706677571
  0.34726709903771319  0.35396811100865061  0.45873510511078608  0.52389482575308810
  0.53111969289470728  0.53834456003632647  0.54556942717794565  0.55279429431956473
  0.56001916146118391  0.56724402860280310  0.57446889574442217  0.58169376288604135
  0.66664003810663175  0.77264305311995896  0.82729766172992159  0.83531481464755919
  0.83754228181086599  0.83976974897417289  0.84199721613747969  0.84422468330078648
  0.84645215046409328  0.84867961762740007  0.85090708479070687  0.85313455195401366
  0.85536201911732046  0.85758948628062726  0.85981695344393405  0.86204442060724085
  0.86427188777054764  0.86649935493385444  0.86872682209716123  0.87095428926046803
  0.87318175642377482  0.87540922358708151  0.87763669075038830  0.87986415791369510
  0.88209162507700190  0.88431909224030869  0.88654655940361549  0.88877402656692228
  0.89100149373022908  0.89322896089353587  0.89545642805684267  0.93883732645354823
  0.94184840330068686  0.94485948014782550  0.94787055699496403  0.95088163384210267
  0.95389271068924131  0.95690378753637995  0.95913113789321380  0.96065007793458479
  0.96216901797595578  0.96368795801732665  0.96520689805869764  0.96672583810006862
  0.96824477814143961  0.96976371818281060  0.97098900429233237  1.00000000000000000
 -0.00304749225723389  0.00231961051701064  0.00463922103402127  0.00695883155103191
  0.00927844206804255  0.01159805258505318  0.01391766310206382  0.01623727361907445
  0.01855688413608509  0.02088551003191631  0.02368963232109065  0.02649375461026499
  0.02929787689943934  0.03210199918861368  0.03490612147778803  0.03771024376696237
  0.04051436605613672  0.10352346268576480  0.12629256942875633  0.12791746884803976
  0.12954236826732315  0.13116726768660658  0.13279216710589001  0.13441706652517341
  0.13604196594445683  0.13766686536374026  0.13929176478302369  0.14091666420230708
  0.14254156362159051  0.14416646304087394  0.14579136246015734  0.14741626187944079
  0.14904116129872422  0.15066606071800764  0.15229096013729110  0.15391585955657452
  0.15554075897585795  0.15716565839514141  0.15879055781442483  0.16041545723370826
  0.16204035665299171  0.16366525607227514  0.16529015549155857  0.16691505491084202
  0.16853995433012542  0.17016485374940885  0.17178975316869227  0.17341465258797567
  0.17503955200725910  0.17666445142654252  0.17828935084582592  0.17991425026510935
  0.18153914968439278  0.18316404910367617  0.18478894852295960  0.18641384794224303
  0.22231608083103596  0.32732379606844597  0.33598080141425191  0.33878898011041342
  0.34159715880657487  0.34440533750273633  0.34721351619889779  0.35002169489505930
  0.35282987359122076  0.35563805228738221  0.35844623098354361  0.36125440967970507
  0.36406258837586652  0.36687076707202798  0.36967894576818938  0.37248712446435084
  0.37529530316051229  0.37810348185667370  0.38091166055283515  0.38371983924899661
  0.38652801794515801  0.38933619664131947  0.39214437533748092  0.39495255403364238
  0.46790560111671464  0.52423045079227382  0.53107998341623908  0.53792951604020434
  0.54477904866416949  0.55162858128813475  0.55847811391209989  0.56532764653606504
  0.57217717916003019  0.57902671178399545  0.62231778623808365  0.71789629198650418
  0.74038792053858438  0.74038792053859437  0.74038792053860436  1.00000000000000000
  0.09414928754170740  0.09537328755866209  0.09659728757561679  0.09782128759257148
  0.09904528760952618  0.10026928762648088  0.10149328764343557  0.10271728766039027
  0.10394128767734497  0.10655382315181892  0.10947973748513280  0.11240565181844668
  0.11533156615176056  0.11825748048507444  0.12118339481838830  0.12410930915170218
  0.12703522350151869  0.12996113785855737  0.13288705221559605  0.13581296657263470
  0.13873888092967337  0.14166479528671205  0.14459070964375073  0.14971426276979233
  0.15646013701262290  0.16320601125545350  0.21859706414517455  0.32523103549549542
  0.43186500684581641  0.53849897819613735  0.64513294954645817  0.69188017731158613
  0.69914792400670467  0.70641567070182310  0.71368341739694163  0.72095116409206017
  0.72821891078717871  0.73548665748229725  0.74275440417741567  0.75000692112383283
  0.75227775604398817  0.75454859096414340  0.75681942588429874  0.75909026080445396
  0.76136109572460930  0.76363193064476464  0.76590276556491987  0.76817360048507521
  0.77044443540523055  0.77271527032538578  0.77498610524554112  0.77725694016569646
  0.77952777508585180  0.78179861000600714  0.78406944492616248  0.78634027984631782
  0.78861111476647305  0.79088194968662839  0.79315278460678373  0.79542361952693907
  0.79769445444709430  0.79996528936724964  0.80223612428740498  0.80450695920756021
  0.80677779412771555  0.80904862904787078  0.81131946396802612  0.86369830568647177
  0.93805435193325204  0.93985479812533768  0.94165524431742342  0.94345569050950906
  0.94525613670159470  0.94705658289368044  0.94885702908576608  0.95065747527785172
  0.95245792146993746  0.95425836766202310  0.95605881385410874  0.95785926004619448
  0.95921813075658691  0.96041917319760994  0.96162021563863298  0.96282125807965602
  0.96402230052067905  0.96522334296170220  0.96642438540272524  0.96762542784374828
  0.96882647028477131  0.97002751272579435  0.97122855516681739  0.97242959760784042
  0.97363064004886357  0.97483168248988661  0.97579807440439859  1.00000000000000000
  0.16723149617513028  0.33793092573246292  0.34252851813159263  0.34712611053072229
  0.35172370292985194  0.35662891018840531  0.36188289770762316  0.36713688522684101
  0.37239087274605887  0.37602233817259828  0.37805320236220014  0.38008406655180199
  0.38211493074140385  0.38414579493100570  0.38617665912060761  0.38820752331020947
  0.39023838749981132  0.39226925168941318  0.39430011587901503  0.39634471758004769
  0.39843164366665584  0.40051856975326405  0.40260549583987221  0.40469242192648036
  0.40677934801308857  0.40886627409969672  0.41095320018630493  0.41304012627291309
  0.41512705235952130  0.41721397844902741  0.41930090454668556  0.42138783064434371
  0.42347475674200186  0.42556168283966006  0.42764860893731821  0.42973553503497636
  0.43182246113263456  0.43390938723029271  0.43599631332795086  0.46528117711199068
  0.56468677452704363  0.66409237194209658  0.73013914271991753  0.73295492760046110
  0.73577071248100478  0.73858649736154836  0.74140228224209204  0.74421806712263561
  0.74703385200317918  0.74984963688372286  0.75266542176426643  0.75548120664481000
  0.75829699152535368  0.76111277640589725  0.76392856128644093  0.76674434616698450
  0.76956013104752807  0.77237591592807175  0.77519170080861532  0.77800748568915901
  0.78082327056970269  0.78363905545024626  0.78645484033078994  0.78927062521133362
  0.80648486042585543  0.90589045784090838  0.91813994784732689  0.91979236132162645
  0.92144477479592601  0.92309718827022558  0.92474960174452514  0.92640201521882470
  0.92805442869312427  0.92970684216742383  0.93135925564172328  0.93301166911602285
  0.93466408259032241  0.93631649606462197  0.93787264867607478  0.93918584374338387
  0.94049903881069286  0.94181223387800184  0.94312542894531093  0.94443862401261991
  0.94575181907992889  0.94706501414723798  0.94837820921454696  0.94969140428185594
  0.95100459934916504  0.95231779441647402  0.95363098948378311  0.95494418455109209
  0.95625737961840107  0.95757057468571016  0.96172398726145414  1.00000000000000000
  0.09441995223363245  0.09567295754472396  0.09692596285581549  0.09817896816690702
  0.09943197347799854  0.10068497878909007  0.10193798410018158  0.10319098941127311
  0.10487824932722772  0.10809327512301253  0.11130830091879734  0.11452332671458215
  0.11773835251036695  0.12095337830615176  0.12416840410193657  0.20717512949087524
  0.23482905663817291  0.24189288193571681  0.24895670723326072  0.25602053253080465
  0.26308435782834855  0.27014818312589245  0.27721200842343641  0.28427583372098042
  0.29133965901852438  0.31433063208079454  0.31672124228689080  0.31911185249298707
  0.32150246269908339  0.32389307290517966  0.32628368311127592  0.32867429331737219
  0.33106490352346846  0.33345551372956472  0.33584612393566105  0.33823673414175731
  0.34062734434785363  0.34301795455394996  0.34540856476004622  0.34779917496614254
  0.35018978517223881  0.35258039537833513  0.35497100558443140  0.35736161579052772
  0.35975222599662399  0.36214283620272025  0.36453344640881652  0.36692405661491279
  0.36931466682100905  0.37170527702710532  0.37409588723320158  0.44392517417517063
  0.55477179959415146  0.66561842501313240  0.75011089246303697  0.75200856374760627
  0.75390623503217558  0.75580390631674488  0.75770157760131429  0.75959924888588359
  0.76149692017045290  0.76339459145502220  0.76529226273959161  0.76718993402416091
  0.76908760530873022  0.77098527659329952  0.77288294787786893  0.77478061916243823
  0.77667829044700765  0.77857596173157695  0.78047363301614636  0.78237130430071566
  0.78426897558528497  0.78616664686985438  0.78806431815442368  0.78996198943899310
  0.79185966072426872  0.79375733201578258  0.79565500330729655  0.79755267459881052
  0.79945034589032449  0.80134801718183835  0.80324568847335232  0.80514335976486628
  0.80704103105638025  0.80893870234789411  0.81083637363940808  0.81343829824831981
  0.82104616072882608  0.82865402320933235  0.83594614992777183  0.84273378658829345
  0.84952142324881508  0.88841513353920343  0.89474666515986123  1.00000000000000000
  0.15878694852193201  0.23784973380856658  0.33102451147020712  0.33870181058822851
  0.34420669600115034  0.34971158141407216  0.35521646682699398  0.36072135223991575
  0.36622623765283752  0.37173112306575928  0.37723600847868105  0.38274089389160282
  0.38824577930452459  0.39375066471744635  0.45375720735715547  0.54693198501879625
  0.56450531423041472  0.56691289703772740  0.56932047984504008  0.57172806265235276
  0.57413564545966544  0.57654322826697824  0.57895081107429092  0.58135839388160360
  0.58358520558019145  0.58498682953523395  0.58638845349027635  0.58779007744531875
  0.58919170140036126  0.59059332535540365  0.59199494931044605  0.59339657326548845
  0.59479819722053096  0.59619982117557335  0.59760144513061575  0.59900306908565826
  0.60040469304070065  0.60180631699574305  0.60320794095078556  0.60460956490582796
  0.60601118886087035  0.60741281281591275  0.60881443677095515  0.61021606072599766
  0.61161768468104005  0.61301930863608245  0.61442093259112485  0.61582255654616724
  0.61722418050120964  0.61862580445625215  0.62002742841129455  0.62142905236633694
  0.62283067632137934  0.62423230027642174  0.62557590301458810  0.62684924045929102
  0.62812257790399384  0.62939591534869677  0.63066925279339969  0.63194259023810251
  0.63321592768280544  0.63448926512750836  0.63576260257221118  0.63703594001691410
  0.63830927746161703  0.63958261490631985  0.64085595235102277  0.64212928979572570
  0.64340262724042852  0.64467596468513144  0.64601253439736550  0.64798016217179599
  0.64994778994622660  0.65191541772065720  0.65388304549508780  0.65585067326951829
  0.65781830104394889  0.65978592881837950  0.66175355659281010  0.66372118436724070
  0.66568881214167119  0.66765643991610180  0.66962406769053229  0.67159169546496289
  0.67355932323939349  0.67552695101382398  0.67749457878825459  0.67946220656268508
  0.68142983433711568  0.68339746211154617  0.68536508988597677  0.68733271766040738
  0.77275331253454005  0.86592809019618078  0.95868026753256708  1.00000000000000000
  0.13474803765614823  0.13790567576744378  0.14106331387873935  0.14422095199003490
  0.14910391282250809  0.15578714285580875  0.16247037288910940  0.20539154237469751
  0.30945824363013152  0.31425501748183365  0.31606287672082589  0.31787073595981807
  0.31967859519881026  0.32148645443780249  0.32329431367679468  0.32510217291578686
  0.32691003215477910  0.32871789139377128  0.33052575063276352  0.33233360987175570
  0.33414146911074794  0.33594932834974012  0.33775718758873235  0.33956504682772459
  0.34137290606671677  0.34318076530570901  0.34498862454470125  0.34679648378369349
  0.34860434302268567  0.35041220226167791  0.35222006150067015  0.35402792073966238
  0.35583577997865456  0.35764363921764675  0.35945149845663898  0.36125935769563117
  0.36306721693462335  0.36487507617361559  0.36668293541260777  0.36849079465160001
  0.37029865389059219  0.37210651312958437  0.37391437236857661  0.41657417752501136
  0.52064087878044518  0.62470758003587923  0.66802416160872913  0.67029876225866802
  0.67257336290860692  0.67484796355854582  0.67712256420848471  0.67939716485842350
  0.68167176550836239  0.68394636615830129  0.68622096680824018  0.68830218972271184
  0.69013497488424380  0.69196776004577576  0.69380054520730772  0.69563333036883968
  0.69746611553037163  0.69929890069190359  0.70113168585343555  0.70296447101496740
  0.70479725617649935  0.70663004133803131  0.70846282649956327  0.71029561166109523
  0.71212839682262730  0.71396118198415925  0.71579396714569121  0.71762675230722317
  0.71945953746875513  0.72129232263028709  0.72312510779181904  0.72495789295335100
  0.72679067811488307  0.72862346327641503  0.73131555927299496  0.73436961801538414
  0.73742367675777332  0.74047773550016249  0.74353179424255178  0.74658585298494096
  0.74963991172733013  0.81452567670255127  0.82172120530218018  0.82891673390180920
  0.83611226250143822  0.84330779110106735  0.85050331970069637  0.85769884830032539
  0.86489437689995441  0.87208990549958343  0.93697890592437982  1.00000000000000000
   1.0122284301150392E-006  -1.0000000000000000     
 F F F F F F F F F F F F F F F F
  <DiscreteSampler_grid>
  grouped_processes
  1 # 1 for a reference and 2 for a running grid.
  10 # Attribute 'min_bin_probing_points' of the grid.
  1 # Attribute 'grid_mode' of the grid. 1=='default',2=='initialization'
  0.0000000000000000 # Attribute 'small_contrib_threshold' of the grid.
  0.5000000000000000 # Attribute 'damping_power' of the grid.
 # binID   n_entries weight   weight_sqr   abs_weight
    10   10   1.357520822842299E+008   2.151807448782628E+016   1.357520822842299E+008
  </DiscreteSampler_grid>
