 -0.00376433711302693  0.00266175062620039  0.00532350125240079  0.00798525187860118
  0.01064700250480157  0.01330875313100196  0.01597050375720236  0.01863225438340275
  0.02139106532100303  0.02461362825227013  0.02783619118353724  0.03105875411480434
  0.03428131704607144  0.03750387997733855  0.04072644290860564  0.06407154620276068
  0.06698927570019866  0.06990700519763664  0.07282473469507462  0.07574246419251260
  0.07866019368995059  0.08157792318738857  0.08449565268482656  0.08741338218226458
  0.09033111167970259  0.09324884117714061  0.09616657067457862  0.09908430017201664
  0.10200202966945464  0.10491975916689265  0.10783748866433063  0.11075521816176861
  0.11367294765920660  0.11659067715664458  0.11950840665408256  0.12242613615152054
  0.13947542607754670  0.23075161535157407  0.23662690194785890  0.24250218854414377
  0.24837747514042863  0.25425276173671346  0.26012804833299830  0.26600333492928319
  0.27187862152556802  0.27775390812185297  0.28362919471813786  0.28950448131442275
  0.36929054242896153  0.43894053067993227  0.44218013533994166  0.44541973999995105
  0.44865934465996044  0.45189894931996982  0.45513855397997921  0.45837815863998854
  0.46161776329999799  0.46485736796000743  0.46809697262001682  0.47133657728002626
  0.47457618194003565  0.47781578660004509  0.48052415131873411  0.48285255516338393
  0.48518095900803371  0.48750936285268354  0.48983776669733331  0.49216617054198314
  0.49449457438663297  0.49682297823128274  0.49915138207593257  0.50207904859590147
  0.50535037634444868  0.50862170409299590  0.51189303184154322  0.51516435959009044
  0.51843568733863765  0.52154345005667346  0.52420234104475816  0.52686123203284274
  0.52952012302092744  0.53217901400901213  0.53483790499709671  0.53749679598518141
  0.54015568697326610  0.54319897678553875  0.54674824543102352  0.55029751407650818
  0.55384678272199295  0.55739605136747772  0.56094532001296249  0.63152430797584369
  0.75007928238118726  0.75037974516550698  0.75037974516551698  1.00000000000000000
  0.02135371764500933  0.25244182539989013  0.25488365079978020  0.25732547619967033
  0.25976730159956041  0.26220912699945054  0.26465095239934061  0.26709277779923074
  0.26953460319912087  0.27222062130238345  0.27518407946855861  0.27814753763473371
  0.28111099580090887  0.28407445396708403  0.28703791213325919  0.29000137029943429
  0.34257040172626169  0.45877401322833616  0.56280113080881056  0.56560554978071975
  0.56840996875262906  0.57121438772453825  0.57401880669644756  0.57682322566835675
  0.57962764464026595  0.58243206361217525  0.58523648258408445  0.58804090155599376
  0.59084532052790306  0.59364973949981226  0.59645415847172156  0.59925857744363087
  0.60206299641554006  0.60466245218858439  0.60664660183085661  0.60863075147312895
  0.61061490111540129  0.61259905075767362  0.61458320039994596  0.61656735004221819
  0.61855149968449052  0.62053564932676286  0.62251979896903520  0.62450394861130754
  0.62711483189206962  0.62993463423510832  0.63275443657814689  0.63557423892118559
  0.63839404126422417  0.64121384360726275  0.64403364595030144  0.64685344829334013
  0.64967325063637871  0.65249305297941740  0.65531285532245609  0.65813265766549478
  0.66095246000853336  0.66377226235157205  0.66659206469461074  0.69165019310441911
  0.69687542200900732  0.70210065091359553  0.70732587981818373  0.71255110872277194
  0.71777633762736015  0.72300156653194847  0.72822679543653668  0.73345202434112489
  0.73867725324571309  0.74390248215030130  0.74912771105488951  0.84680482007187119
  0.91780262123758249  0.92065106742660452  0.92349951361562654  0.92634795980464857
  0.92919640599367059  0.93204485218269273  0.93489329837171475  0.93774174456073678
  0.94059019074975880  0.94343863693878083  0.94628708312780296  0.94913552931682499
  0.95198397550584701  0.95483242169486904  0.95768086788389106  0.96052655698086475
  0.96337142689610789  0.96621629681135102  0.96906116672659415  0.97190603664183728
  0.97475090655708052  0.97759577647232365  0.98561051544243050  1.00000000000000000
  0.13474803765614835  0.13654598197483364  0.13834392629351891  0.14014187061220418
  0.14193981493088947  0.14373775924957474  0.14553570356826004  0.14873778204768215
  0.15221841019482910  0.15569903834197604  0.15917966648912299  0.16266029463626994
  0.16614092278341686  0.17141919309463535  0.17701730651564324  0.18261541993665115
  0.18821353335765906  0.19381164677866694  0.19940976019967485  0.20500787362068273
  0.22987808775247295  0.23299204090831666  0.23610599406416036  0.23921994722000406
  0.24233390037584776  0.24544785353169146  0.24856180668753516  0.25167575984337887
  0.25478971299922260  0.25790366615506627  0.26101761931091000  0.26413157246675367
  0.26724552562259740  0.27035947877844108  0.27347343193428481  0.27658738509012853
  0.27970133824597232  0.28281529140181605  0.28592924455765978  0.28904319771350351
  0.31015339585090790  0.37637992704002649  0.37946363148996859  0.38254733593991069
  0.38563104038985280  0.38871474483979496  0.39179844928973706  0.39488215373967916
  0.39735200642680935  0.39954806006836513  0.40174411370992091  0.40394016735147664
  0.40613622099303243  0.40833227463458821  0.41052832827614399  0.41272438191769978
  0.41492043555925556  0.41711648920081135  0.41931254284236713  0.42150859648392286
  0.42370465012547864  0.42590070376703437  0.42809675740859016  0.43029281105014588
  0.43248886469170167  0.43468491833325740  0.43688097197481318  0.43970279457946115
  0.44277024954507110  0.44583770451068100  0.44890515947629095  0.45197261444190084
  0.45504006940751079  0.45810752437312069  0.50158660351241524  0.50436342137252710
  0.50714023923263885  0.50991705709275070  0.51269387495286256  0.51547069281297431
  0.51824751067308616  0.52098970739885508  0.52326317970761937  0.52553665201638378
  0.52781012432514807  0.53008359663391236  0.53235706894267665  0.53463054125144105
  0.53690401356020534  0.53917748586896963  0.54145095817773392  0.64789808701343077
  0.76526539134228266  0.87560930628813471  0.87666309277216592  1.00000000000000000
  0.10659414132436124  0.17170306009012443  0.17673945351358214  0.18177584693703983
  0.18681224036049754  0.19250809675075883  0.19830825072845726  0.20410840470615566
  0.24123203927392917  0.29408805707306901  0.29823672311553551  0.30238538915800206
  0.30653405520046856  0.31068272124293511  0.31483138728540161  0.31898005332786816
  0.32312871937033466  0.32727738541280121  0.33142605145526771  0.33557471749773427
  0.33972338354020087  0.34387204958266743  0.34802071562513404  0.35216938166760059
  0.41667506667259990  0.41987432084396709  0.42307357501533421  0.42627282918670134
  0.42947208335806847  0.43267133752943560  0.43587059170080272  0.43861883714890704
  0.44089896189183725  0.44317908663476746  0.44545921137769767  0.44773933612062788
  0.45001946086355810  0.45229958560648831  0.45457971034941852  0.45685983509234873
  0.45913995983527894  0.46142008457820916  0.46370020932113942  0.46598033406406963
  0.46826045880699985  0.47054058354993011  0.47282070829286033  0.47510083303579059
  0.47738095777872080  0.47985673683748020  0.48303917133056479  0.48622160582364937
  0.48940404031673396  0.49258647480981854  0.49576890930290313  0.49895134379598771
  0.52244378266905900  0.52567434645142341  0.52890491023378783  0.53213547401615224
  0.53536603779851666  0.53859660158088096  0.54182716536324538  0.54505772914560979
  0.54828829292797410  0.55151885671033851  0.55474942049270282  0.55797998427506723
  0.56121054805743154  0.56444111183979584  0.56767167562216025  0.57090223940452456
  0.57413280318688897  0.57736336696925328  0.58059393075161769  0.60175043894240865
  0.66800402239848011  0.67088558659239150  0.67376715078630289  0.67664871498021428
  0.67953027917412567  0.68241184336803706  0.68529340756194845  0.68805287641611745
  0.69041319574875781  0.69277351508139817  0.69513383441403853  0.69749415374667878
  0.69985447307931914  0.70221479241195950  0.70457511174459975  0.70693543107724011
  0.75772665154303709  0.87886332577151294  0.97095036904017129  1.00000000000000000
   1.2108755785284624E-006  -1.0000000000000000     
 F F F F F F F F F F F F F F F F
  <DiscreteSampler_grid>
  grouped_processes
  1 # 1 for a reference and 2 for a running grid.
  10 # Attribute 'min_bin_probing_points' of the grid.
  1 # Attribute 'grid_mode' of the grid. 1=='default',2=='initialization'
  0.0000000000000000 # Attribute 'small_contrib_threshold' of the grid.
  0.5000000000000000 # Attribute 'damping_power' of the grid.
 # binID   n_entries weight   weight_sqr   abs_weight
    10   10   4.941964037695847E+008   3.364672529087335E+017   4.941964037695847E+008
  </DiscreteSampler_grid>
