  0.00795256782463295  0.01741218473914401  0.02949075508371532  0.04123037547998819
  0.05191592357138810  0.06232509226161235  0.07284432833293394  0.08349017974977080
  0.09416857343704407  0.10452791020787591  0.11479030262813120  0.12512365016904176
  0.13565638318215761  0.14607529852260293  0.15621938246549585  0.16617864312433286
  0.17623861375760963  0.18644438282487122  0.19667422107814442  0.20700026062444460
  0.21726021030354817  0.22771299957119162  0.23823043462372209  0.24877208012246710
  0.25903693320748367  0.26927042984833888  0.27960765805007631  0.29022594758595976
  0.30073757805511081  0.31125650867403443  0.32191706344438481  0.33293730055135839
  0.34404138375978793  0.35491240511971345  0.36545127813316047  0.37563644042276090
  0.38571925811068342  0.39581700677335757  0.40593678546746853  0.41593515289767269
  0.42607676882844903  0.43652843892845095  0.44739012458056976  0.45848848211545012
  0.46964193218952477  0.48059161546044765  0.49142754654331389  0.50202757191690572
  0.51242128907113615  0.52262578521363445  0.53254990313493222  0.54243677674118507
  0.55218369173797177  0.56205473135574424  0.57213758355057698  0.58229423380775780
  0.59254583137839845  0.60284521559529469  0.61347201719673361  0.62398395702556975
  0.63473766493294914  0.64572641961973276  0.65686872429845000  0.66774283762542863
  0.67789391023840206  0.68774230696985372  0.69751837939235883  0.70729911396946132
  0.71715550530632255  0.72718435639185663  0.73760161258308954  0.74821105693227208
  0.75876500188643370  0.76912880539966788  0.77924991720840253  0.78932084985896267
  0.79955011402830367  0.80988536351812912  0.82016196339295944  0.83025056250618778
  0.84016328448770972  0.84997103099251625  0.85982863660670150  0.86992987727850490
  0.88020571475287057  0.89065968358911274  0.90144388615596982  0.91233027720756776
  0.92289176708050891  0.93288042488034362  0.94298897683008476  0.95303186917282601
  0.96306423265070051  0.97243705202469377  0.98204601327807606  1.00000000000000000
  0.00746396490266624  0.02050376569388520  0.03474661557996032  0.04705474470564778
  0.05800414743696034  0.06849524288583071  0.07907768172211931  0.08982467044816685
  0.10064894465910587  0.11136623459306656  0.12212463727104957  0.13267759694724515
  0.14289173178217807  0.15284917569686082  0.16280940013011316  0.17293344751113759
  0.18298293221329440  0.19287767706473044  0.20278208300422124  0.21277113093568226
  0.22287385561094206  0.23289099893058479  0.24283303103407830  0.25277597557539155
  0.26287524981426019  0.27304540729778726  0.28334793691697041  0.29388255688008158
  0.30471913486970759  0.31537983628758948  0.32570061735582612  0.33619877913550023
  0.34695999152010154  0.35777052475256793  0.36852044772731274  0.37915076537439407
  0.38968440771555829  0.40004929999729411  0.41023370526460462  0.42039680540322305
  0.43062082886128739  0.44087822141798377  0.45117136919339829  0.46151766143868128
  0.47207256720359975  0.48287611850796203  0.49383538231159313  0.50485650619687206
  0.51591519584408962  0.52688755612484206  0.53764219013648928  0.54827368171683444
  0.55880381606821072  0.56930618605003402  0.57978148826700737  0.59016539976019733
  0.60063845899404389  0.61127096350074961  0.62187814196657076  0.63217064066590789
  0.64206758288926624  0.65199778631848071  0.66212555297737596  0.67239383688223686
  0.68281813643320466  0.69334062318150580  0.70398886826282192  0.71480483057271893
  0.72561231099958956  0.73639044729260628  0.74710904306490478  0.75760703919919614
  0.76790063708004475  0.77781012803748706  0.78762833876273608  0.79776224828693731
  0.80788842358877333  0.81795114176234696  0.82777092972866306  0.83777116523554096
  0.84793147938752589  0.85806720599229691  0.86830013853008980  0.87860950555567174
  0.88898653627417934  0.89934744905064501  0.90967877284426657  0.92019337635119380
  0.93091685551637482  0.94168072958760896  0.95218664493985483  0.96251780905317830
  0.97240814966378919  0.98193634151710951  0.99141760358457565  1.00000000000000000
 -0.00219707369566020  0.01011088550249833  0.02052248696457828  0.03113862882479835
  0.04151753732918902  0.05254464670036227  0.06355098224574177  0.07426108521801102
  0.08495121788677308  0.09576187672613205  0.10652792056782576  0.11685986969048512
  0.12727344203230406  0.13805160535046096  0.14838077621194243  0.15863116149864034
  0.16850458182716663  0.17912707664148056  0.18983457905032070  0.20037582096676648
  0.21109896222655838  0.22175016115574606  0.23253744055023734  0.24255307257527106
  0.25273536367283456  0.26313842480089311  0.27376732249562591  0.28445029940090166
  0.29517418046088079  0.30643413632917599  0.31776923804836593  0.32945128746045360
  0.34113732141233594  0.35287172255212240  0.36364104207946540  0.37403055664238194
  0.38454174973477528  0.39523604850785898  0.40617457381038641  0.41711199699803841
  0.42821005997131933  0.43915607361117098  0.44971818305054650  0.45998271392991508
  0.47011767194092602  0.48041121072725618  0.49072447326956498  0.50098377846863207
  0.51117214240906717  0.52149570175661208  0.53199914240089086  0.54243342417157858
  0.55254422400669190  0.56251967095374045  0.57258195506302811  0.58284128430541771
  0.59337013731692612  0.60366862476540506  0.61426544474388511  0.62491019683796145
  0.63639060338363129  0.64775406885207387  0.65878821696018008  0.66957865257586369
  0.68054562009286890  0.69110327855450060  0.70115475677954731  0.71123810339654836
  0.72189362733515161  0.73300251915562653  0.74375793584092764  0.75420122278611501
  0.76482128846993791  0.77522698660679079  0.78571248428596996  0.79623349763477014
  0.80678608769847215  0.81718855691641090  0.82751947689318894  0.83802468473805514
  0.84864168270923523  0.85920519853797639  0.86955620045781801  0.87973460891075483
  0.88983790136067931  0.90004733622779132  0.91023031547293742  0.92053356906028949
  0.93069469548793593  0.94088484672628880  0.95073156364020261  0.96052630037815423
  0.97020494795210355  0.98008536797328538  0.98999355579361870  1.00000000000000000
 -0.00260517816161586  0.01013304650176069  0.02021535742778558  0.03101574689392459
  0.04160030435240127  0.05272538086110010  0.06353828630889508  0.07470604221218871
  0.08559142595895394  0.09673564299024748  0.10760173280044091  0.11830386127534373
  0.12874090022129345  0.13913231546383831  0.14953814662086176  0.16005280471598909
  0.17094827431640064  0.18193092951008574  0.19238748068942266  0.20250173318713979
  0.21283803356042499  0.22324683089848460  0.23372020148681322  0.24402329662325326
  0.25468978140227949  0.26575641799755190  0.27702290464334228  0.28811139234594713
  0.29869414188166699  0.30934214983474501  0.31966351484158639  0.32991538018889260
  0.33999484123357926  0.35031228991407271  0.36048633235604693  0.37073792187155025
  0.38053503503496572  0.39038213485693851  0.40035664245795261  0.41056944480758184
  0.42090834678466071  0.43089461149534264  0.44102078066703088  0.45097305001795424
  0.46122767264711240  0.47115903158946409  0.48177936517711006  0.49235342867734683
  0.50331711357269016  0.51400465011392382  0.52487483927789980  0.53610228283761363
  0.54734132645294342  0.55877374767133114  0.56976972192457498  0.58041874292833229
  0.59101488710638339  0.60151284367063407  0.61213798098556382  0.62260727427815576
  0.63320236944564967  0.64391093703606928  0.65481462686121727  0.66553667115898274
  0.67606842424703084  0.68643421664898874  0.69680504525911280  0.70725572174304852
  0.71762590852410157  0.72804222795985185  0.73848361743471969  0.74869298148697483
  0.75855594694373307  0.76830537569014257  0.77854216622887273  0.78917057255677592
  0.79999936102358715  0.81073520797387699  0.82196885829872079  0.83325595276560771
  0.84384839979395987  0.85417049516742505  0.86477056506995797  0.87541454705255284
  0.88560442751792823  0.89561574046417303  0.90570043195718886  0.91588256853539640
  0.92600523296556425  0.93647438968340779  0.94726002152237077  0.95813915664121041
  0.96903798919399764  0.97939450954725138  0.98962317090644003  1.00000000000000000
 -0.00190241223717716  0.00947819426773667  0.01941090259544569  0.02951217688758558
  0.03945377269823532  0.04945595402322908  0.05960758743998971  0.07004660839018780
  0.08080374632169879  0.09183027381482643  0.10289504556768182  0.11379562972572928
  0.12479431975910873  0.13581823340159835  0.14658966497395334  0.15715628246592178
  0.16788785615566093  0.17850326033780717  0.18886457925420100  0.19919502713662343
  0.20986468967443347  0.22080727784527185  0.23153318353445534  0.24175441629514283
  0.25177216832771593  0.26191177096718821  0.27203956454194550  0.28200403820068548
  0.29176335719024954  0.30157147045722876  0.31133799166769549  0.32138169977367947
  0.33176628508384820  0.34253777152528447  0.35343103580837060  0.36378450644475896
  0.37395255874724892  0.38413677084072712  0.39435262514511965  0.40445671591710380
  0.41445215825522003  0.42490342613296139  0.43562996835095175  0.44644265456933668
  0.45724538923488134  0.46803933159718364  0.47857818936079727  0.48888229896401980
  0.49907098047639165  0.50927842444591653  0.51968852335481064  0.53033454616505349
  0.54110958419233413  0.55169780000088364  0.56222445793403719  0.57275765910775078
  0.58319520607148179  0.59369438696432242  0.60427864130076281  0.61493905847808472
  0.62553782520715862  0.63593791585866766  0.64640574571753762  0.65685412324410375
  0.66743585515436143  0.67804149731961583  0.68865088382755413  0.69917386362555822
  0.70951408323331966  0.71987776026169947  0.73036733700662493  0.74098214987670441
  0.75155843580162696  0.76188366408748398  0.77224821461274928  0.78317707641233325
  0.79445687240221008  0.80612829877496628  0.81758183006964291  0.82875970270023691
  0.83936769271114064  0.84968795450988077  0.86004635792164308  0.87063046647313003
  0.88139992414774682  0.89217560594949874  0.90314784327837438  0.91430550834620927
  0.92519323810480636  0.93578819751647102  0.94651761434007531  0.95735172733784890
  0.96799121407553868  0.97832663025361877  0.98913676677218432  1.00000000000000000
 -0.00268606997819471  0.01001910231149040  0.02099431065259318  0.03196224624265014
  0.04286759877890892  0.05346842913375442  0.06385649314880500  0.07424808498081646
  0.08476494452969982  0.09552521915400566  0.10614694342467321  0.11666699894452855
  0.12716598439662874  0.13774016571108447  0.14820477344518584  0.15863759111765724
  0.16902981040918075  0.17934214723804670  0.18963003444735324  0.19987323119560102
  0.21035002490334942  0.22110990296584407  0.23215843248827855  0.24338420811802258
  0.25452964010723589  0.26566295364279663  0.27664940904762247  0.28762376333435530
  0.29853414901163938  0.30944876817125899  0.31983490696868810  0.32978436390379601
  0.33954727867566348  0.34941869262329123  0.35958311039697810  0.36948987473058892
  0.37956174508914253  0.38987848629582128  0.40061095969060917  0.41171306932602092
  0.42250478986713008  0.43293401433559342  0.44309183498507210  0.45319940966890754
  0.46337955824875732  0.47337735602136360  0.48346523262509661  0.49360064311163837
  0.50422267010966393  0.51528771688809838  0.52677765410727517  0.53827871147898876
  0.54959840708883578  0.56078348938389921  0.57174645056730533  0.58250130686888468
  0.59305867753057806  0.60369703351606263  0.61459863615091781  0.62514397822883150
  0.63519230553668460  0.64507429492105139  0.65515783892793300  0.66544754339413426
  0.67588180151751431  0.68660242627268264  0.69732927258890687  0.70791826850516526
  0.71838025118035265  0.72889600848089631  0.73957931587549208  0.75025698282801256
  0.76092744876978857  0.77140066655290218  0.78162973175281325  0.79184387816738999
  0.80223744126363905  0.81269942679540386  0.82325975710914268  0.83375465776644675
  0.84442376806201314  0.85502569810197537  0.86547933954033163  0.87581831728217463
  0.88623947144621729  0.89669872509269200  0.90720717340971035  0.91775040058318724
  0.92850850538247931  0.93922099944203241  0.94945654588218320  0.95932317556054958
  0.96938237712965591  0.97954310434826297  0.98981780265027175  1.00000000000000000
 -0.00275853965104263  0.01061346553615488  0.02210324218042450  0.03362848793336016
  0.04494686419096870  0.05623705381252887  0.06739973829680584  0.07824341652502802
  0.08867723598842327  0.09881749980736033  0.10881057809299140  0.11887044247261447
  0.12877531242931367  0.13869870702781492  0.14874246714376871  0.15873305717083180
  0.16882986468169531  0.17897931891376503  0.18921802785296843  0.19959267520962801
  0.21019274351100745  0.22091130147692961  0.23171361143032207  0.24257265323368793
  0.25341739558252802  0.26413689453615147  0.27487964664786624  0.28574236524882257
  0.29636411559986392  0.30674478965287955  0.31708219928761694  0.32736530522456958
  0.33744762591330091  0.34754755374419088  0.35791629270438041  0.36866620112789045
  0.37927843248539045  0.38993580217885521  0.40014474079967166  0.41007194899138727
  0.42016350566354238  0.43076370845620954  0.44169561469602103  0.45248075678566657
  0.46309390911093623  0.47388721125213223  0.48464856332925016  0.49550261964854508
  0.50636191190309110  0.51705918728927991  0.52737792580854737  0.53752126877280793
  0.54768653308321225  0.55813178110967665  0.56895218035685768  0.57989591882281666
  0.59074945921450861  0.60157255989581848  0.61249781498332956  0.62335856452156535
  0.63430668613785879  0.64502074337090065  0.65591941808021414  0.66639683472305444
  0.67694302620299673  0.68750760945215184  0.69847155314353127  0.70941236105848038
  0.72009463606140434  0.73048541629788222  0.74058356107579604  0.75057085414448521
  0.76065550503342738  0.77094851850159984  0.78156772104605687  0.79214578991611739
  0.80291090331564541  0.81359308441542721  0.82386933361707759  0.83382377846176381
  0.84375771120569087  0.85394318459433805  0.86435176877133735  0.87515555325783745
  0.88575042013838379  0.89620723918130418  0.90628516829485128  0.91656276067389797
  0.92677362160824728  0.93695116008209933  0.94710926057589062  0.95720297199454074
  0.96768701437387639  0.97815396074414296  0.98914764503296726  1.00000000000000000
 -0.00248368338188136  0.00946069960577928  0.01973541316113651  0.03006890834065845
  0.04021962892800127  0.05032383554634833  0.06068613886054707  0.07154934134732657
  0.08259274360928409  0.09340178986412277  0.10411992551144952  0.11450241498491896
  0.12465339784647157  0.13499778765443776  0.14560786811604010  0.15653573744647967
  0.16753963239444034  0.17837668361021852  0.18940361304515629  0.20020988104984128
  0.21075556709054688  0.22135932244634104  0.23193966544333416  0.24232311638706588
  0.25294772152076483  0.26391824623347376  0.27481847899895789  0.28489090037119397
  0.29486569999630774  0.30508925110592910  0.31517902172182088  0.32521428574138977
  0.33533930130194234  0.34601548000731308  0.35644263556313788  0.36649811334208660
  0.37666826978592061  0.38746347895945232  0.39793171180285930  0.40819123255297463
  0.41835358111755661  0.42874578244574507  0.43920572522691448  0.44914030140821570
  0.45903436390590452  0.46894091199263332  0.47881601017213921  0.48866134519897592
  0.49847570141631720  0.50848557295742358  0.51866786321126745  0.52919987319222128
  0.53971459049480064  0.55015526685440208  0.56035214031584868  0.57066688963096979
  0.58097059103570226  0.59114398423743308  0.60137856637799736  0.61211271299008563
  0.62306691811620118  0.63394920055634241  0.64474541078668268  0.65550584210506968
  0.66654444903970789  0.67758397312151131  0.68851931753930029  0.69897870946038654
  0.70934323933000454  0.71991836502344642  0.73068703137741242  0.74160306473525683
  0.75275128897638144  0.76410914197176372  0.77515919855653193  0.78575204294118128
  0.79628774622488163  0.80704369403191456  0.81828278835408397  0.82926762918571328
  0.84034631026699180  0.85122824083642179  0.86208004191414389  0.87254855289842437
  0.88339275274028017  0.89441809044957832  0.90534262268848076  0.91612779468695538
  0.92649425999151347  0.93680330269410705  0.94686245752186460  0.95717106672027985
  0.96789211748732595  0.97870479911255259  0.98935888130275151  1.00000000000000000
 -0.00442873061099965  0.11714418955244001  0.13744691327399194  0.15002554527982251
  0.16050355802392793  0.17032212474417588  0.17927719881014392  0.18786089885452426
  0.19578912273903912  0.20348325388793145  0.21104188465162457  0.21836984150759234
  0.22565758665044139  0.23263770110306742  0.23949056757968545  0.24626297516402984
  0.25296617513921837  0.25962969591514540  0.26621781863864125  0.27271201360492692
  0.27909389088917247  0.28539033553473542  0.29173781237459190  0.29804705824854805
  0.30433372218643812  0.31050131048055529  0.31656979572386745  0.32269189610485621
  0.32872147181703099  0.33479669471680068  0.34089524586919123  0.34704807328257720
  0.35314059229666628  0.35909373977581577  0.36495956280682179  0.37085856574502019
  0.37681930218475940  0.38275965716282040  0.38866791507885035  0.39457628570005293
  0.40050203954523056  0.40646687926456182  0.41255992415257292  0.41875400489348702
  0.42483568850942199  0.43086979680642579  0.43675476339878760  0.44288687447869912
  0.44914894108067183  0.45548204941282244  0.46186523683830277  0.46825918602631939
  0.47462889692413457  0.48098708038028970  0.48737858405706325  0.49381316709444706
  0.50037691933012196  0.50707149363138027  0.51387288294156830  0.52057338260640063
  0.52722522435794228  0.53394791939402730  0.54087481286522376  0.54785428839538353
  0.55495644245833375  0.56204648950561942  0.56925448552787283  0.57647809907894465
  0.58378584638055953  0.59143698960649771  0.59911093086309541  0.60699319483611169
  0.61499074352890715  0.62320161199198787  0.63177213816308653  0.64056690343812428
  0.64949252367116650  0.65844308968073550  0.66750677457228735  0.67695885520935284
  0.68677207426237930  0.69683332044266033  0.70714901826030829  0.71784247591704009
  0.72885175311827233  0.74040223986763753  0.75254881507151150  0.76565245468633303
  0.77962856480727671  0.79486734208538001  0.81189288602755894  0.83127592569728281
  0.85354583968624387  0.87928244901040242  0.91698733963788581  1.00000000000000000
 -0.02019619655051395  0.11679228888283633  0.15320997699726663  0.17553440170659060
  0.19352143696929078  0.20875044851049598  0.22193778709596357  0.23392783777763299
  0.24503939303280459  0.25528301723076002  0.26464939253457592  0.27355408777068441
  0.28201949163294898  0.29028663475067223  0.29804848884366375  0.30552086483862317
  0.31278034356444862  0.31979906651459894  0.32669378037257396  0.33351982393083535
  0.34036372516818575  0.34711788775230462  0.35369422397991540  0.36007606428249062
  0.36640388322710793  0.37268667003005446  0.37896083091223687  0.38524359707366984
  0.39150586749558652  0.39770247584848861  0.40376348077516466  0.40969911460722847
  0.41556326479251182  0.42126041728368929  0.42694296223092432  0.43263064968801357
  0.43825455016350318  0.44358503570398017  0.44901797948934918  0.45453562611624554
  0.46004617831613981  0.46546047390808332  0.47077952921340199  0.47606810569442759
  0.48138144023975754  0.48672591343686367  0.49206314909091159  0.49730627163386720
  0.50260474919221709  0.50807958780212636  0.51355801958743630  0.51896056568900051
  0.52426556254177148  0.52953973815704314  0.53477299762093655  0.54001049488007913
  0.54528420845285697  0.55058161672445483  0.55598877223052445  0.56148692114449317
  0.56698557011542272  0.57246227955405649  0.57796445565543320  0.58341487514496204
  0.58906156644304353  0.59470887560105046  0.60041162066815279  0.60627146193062109
  0.61228550352901967  0.61837178097745482  0.62451966225060684  0.63082316188990517
  0.63726759306082514  0.64377563097464563  0.65041787492224556  0.65722621697715300
  0.66422227626770847  0.67141434707468672  0.67887688245788247  0.68641180427329984
  0.69397188106346619  0.70159857437011708  0.70950316063025520  0.71830001074496785
  0.72714177343786379  0.73641961649156207  0.74606342181391516  0.75662553588348291
  0.76796299057021589  0.77991623717265102  0.79291123450642476  0.80739930260819548
  0.82422076151575108  0.84627969473005915  0.88316708418356449  1.00000000000000000
   5.8713453594908038E-005  -1.0000000000000000     
 F F F F F F F F F F F F F F F F
  <DiscreteSampler_grid>
  grouped_processes
  1 # 1 for a reference and 2 for a running grid.
  10 # Attribute 'min_bin_probing_points' of the grid.
  1 # Attribute 'grid_mode' of the grid. 1=='default',2=='initialization'
  0.0000000000000000 # Attribute 'small_contrib_threshold' of the grid.
  0.5000000000000000 # Attribute 'damping_power' of the grid.
 # binID   n_entries weight   weight_sqr   abs_weight
    10   10   6.347028564940919E+005   1.122628411748269E+012   6.347028564940919E+005
  </DiscreteSampler_grid>
