  0.00933956631983997  0.01642382275954264  0.02636698005746118  0.03783624778202472
  0.04870801926204289  0.05919654628556877  0.06954853414298705  0.07988559808696580
  0.09053198380583972  0.10117858230963034  0.11183234654157063  0.12245965343351634
  0.13316286888025372  0.14392730164089082  0.15448431481964961  0.16504747225285435
  0.17585077055220397  0.18646502627334471  0.19675801723582448  0.20676588249012415
  0.21655207097924908  0.22632908689361228  0.23621959142161117  0.24636554076680120
  0.25644892191698676  0.26636640567141451  0.27620287612648353  0.28625025466913484
  0.29652739703177261  0.30716054577700330  0.31791253320751167  0.32857136711473700
  0.33899111999277654  0.34933447487544628  0.35974549859536376  0.37037938653460500
  0.38098252699248253  0.39162575762791796  0.40205626485008528  0.41252813226857982
  0.42260527996348751  0.43262369018090308  0.44271952307373097  0.45307997514335052
  0.46330272720237486  0.47330752921231461  0.48333292809643302  0.49349600297110646
  0.50383525802338702  0.51408550293460076  0.52446247123824952  0.53515363411799777
  0.54590250173412969  0.55669971563386345  0.56739547794780931  0.57811698159785863
  0.58874329584374774  0.59909018800065261  0.60942016755468864  0.61968883103705563
  0.62982834271080501  0.63997477083731202  0.65015892010285137  0.66056884425333240
  0.67121021452914797  0.68211466912404672  0.69309282633096247  0.70405886113934690
  0.71510836822512980  0.72626103314324042  0.73742597644044017  0.74851121915489771
  0.75935646377468791  0.77006961716915523  0.78074376335867035  0.79141789458376921
  0.80210436104525118  0.81261274375357651  0.82309468625741256  0.83361570495269777
  0.84436638922065588  0.85502092208250047  0.86534989503405813  0.87539042145881685
  0.88561294253149758  0.89571626158158280  0.90600866496136201  0.91611370267703174
  0.92680790424474657  0.93771899531506597  0.94843445444433871  0.95933017993953706
  0.96987840812989079  0.98068254106827513  0.99119669999016102  1.00000000000000000
 -0.00240559517408809  0.00908396205711959  0.01921747222883322  0.03013850319624760
  0.04124214190398619  0.05221382901954914  0.06314155282300606  0.07438370920622991
  0.08561899055784752  0.09668569428109867  0.10735780002700378  0.11791186009240991
  0.12836236945820823  0.13865464121465348  0.14874651197721997  0.15870905489264300
  0.16906977420956085  0.17975756911815222  0.19069733336900607  0.20148499210816107
  0.21217917060750294  0.22304731621070084  0.23372416902056026  0.24449043729211398
  0.25473999916910062  0.26521217868782410  0.27587951593269561  0.28669736607116841
  0.29723039179828997  0.30756716896540998  0.31817919089657914  0.32884668199306538
  0.33947002450250563  0.34998967295651728  0.36049521083951858  0.37092002824795295
  0.38125222198542819  0.39149311868851772  0.40172418911588181  0.41199755210735572
  0.42245047502052080  0.43297030408782577  0.44348645147029553  0.45404432787017801
  0.46465953995935155  0.47534987756264635  0.48636217591162528  0.49739398327352885
  0.50821846502802670  0.51881697120810477  0.52902895785196558  0.53927657817922459
  0.54936119329940392  0.55958125590282215  0.56993908152961303  0.58038685103666710
  0.59094205983712234  0.60134217280344593  0.61160740088069621  0.62192302860357862
  0.63252027310888703  0.64330471102531717  0.65399517041834077  0.66438118941144564
  0.67472259238403232  0.68493575854305178  0.69516627795128905  0.70514255133039705
  0.71519102699317583  0.72524549274215810  0.73550274267715676  0.74585652063984953
  0.75640714695605138  0.76693926761182163  0.77745945904908276  0.78778295769727680
  0.79791431412880331  0.80822124166453091  0.81878519876933897  0.82964144886869595
  0.84025391793454696  0.85107210487324458  0.86196297910462050  0.87288620518995674
  0.88362779912495459  0.89405158468953971  0.90453382831148665  0.91508812016628094
  0.92560603942583253  0.93593205716448546  0.94624514895315581  0.95661951522304223
  0.96726797672552167  0.97798071024940347  0.98888399792706572  1.00000000000000000
 -0.00230494745596794  0.00978441210322176  0.02031398519602086  0.03101367717544511
  0.04199712754658150  0.05289338162745751  0.06356624176469398  0.07413409707535711
  0.08460204821428603  0.09558197216325298  0.10623895629210016  0.11647831163194464
  0.12669789954163388  0.13711453559042303  0.14752566988620716  0.15791785107880285
  0.16834037515885378  0.17895608021477075  0.18946010585447648  0.20001174824369883
  0.21081631233923034  0.22143647897012558  0.23208972849485457  0.24230567715491871
  0.25247358881248116  0.26241513817913220  0.27268501167712472  0.28332521081246520
  0.29373332405443170  0.30384122779636874  0.31389790671275924  0.32416028834499255
  0.33458899803347225  0.34489000908905831  0.35547033448565729  0.36644858627060134
  0.37750189139806511  0.38841440931694526  0.39903175625470871  0.40968186903954301
  0.42049137508086332  0.43123395864667602  0.44174734515242509  0.45222678359649604
  0.46272967731549414  0.47337605102920716  0.48412271843595023  0.49458492217877165
  0.50491652962716593  0.51512789369308687  0.52570584065585413  0.53611587010093720
  0.54661175284589336  0.55694998329422307  0.56764145496232454  0.57811980173120836
  0.58873986721053917  0.59937761267394363  0.60997607142689603  0.62046198152827836
  0.63111289448071273  0.64189074405696889  0.65227887372442994  0.66274200869713751
  0.67338369183898872  0.68414431971967582  0.69465654371723784  0.70510651021758508
  0.71594781749593761  0.72704044688802527  0.73834917022120428  0.74953900350572444
  0.76045453752511916  0.77123237426352309  0.78210719881856550  0.79296981830560831
  0.80370418672110411  0.81439880258306196  0.82497708445655915  0.83547508510567636
  0.84572363388175742  0.85607849324122931  0.86624536644059880  0.87631174050537253
  0.88629506417833437  0.89646004508073063  0.90691827202793429  0.91707572352715505
  0.92731715184764085  0.93729355849068441  0.94734725174962309  0.95718180021051391
  0.96795376223355156  0.97839512337677703  0.98941888848220549  1.00000000000000000
  0.00608201493054738  0.01164910832219787  0.01559739945295375  0.01674898202815317
  0.02097612200797555  0.02702197641625505  0.03457558385706956  0.04194034001068343
  0.04953936152995203  0.05736807710185697  0.06539441479045423  0.07379019289221188
  0.08228008706107220  0.09071496874371968  0.09914446788156620  0.10779376995372769
  0.11697631194438519  0.12649949454178172  0.13626148410092928  0.14603470331357987
  0.15599092417578272  0.16583507495661315  0.17582433773320996  0.18595629411134329
  0.19659656865297331  0.20771378214160752  0.21904700011099673  0.23081622126800705
  0.24290034811693681  0.25522327112069632  0.26761632824460724  0.27999143511630348
  0.29242603000529771  0.30497805721796162  0.31774997836687596  0.33057299811516155
  0.34319309035937551  0.35575738508498350  0.36860901947664154  0.38157244760907716
  0.39469768023329932  0.40809379998169126  0.42168020353878122  0.43517872999958990
  0.44854445264747800  0.46210015849900837  0.47615716059469615  0.49039289374842671
  0.50452467335887674  0.51857525970243212  0.53248409480206982  0.54654409349089805
  0.56057499817397627  0.57442522762731574  0.58828092707064639  0.60223903528366174
  0.61608895439208722  0.63008081601791321  0.64404489003156640  0.65732720946039103
  0.67042781684935149  0.68346644840620996  0.69593446640304424  0.70816248966580597
  0.72055263998499919  0.73266424890027027  0.74409134095169494  0.75539192850383841
  0.76663142821827701  0.77795931566476784  0.78883144852043807  0.79950524507387732
  0.81003409942422933  0.82055218261301333  0.83089589727081825  0.84101624482159920
  0.85091172454529451  0.86045410342202300  0.86962113643522498  0.87857804359465608
  0.88729830335072934  0.89598398675610491  0.90434205221601083  0.91254658578305703
  0.92065959756742333  0.92872146343878914  0.93665364737235457  0.94409832709053809
  0.95142454770102036  0.95866577396246777  0.96604948034444105  0.97342947646383060
  0.98081206443034219  0.98750318282198579  0.99389814461402159  1.00000000000000000
 -0.00229618522007086  0.00926855920275683  0.01884931856577091  0.02926144878058457
  0.03956284486706695  0.04981444386642432  0.06005499704966298  0.07074422030387587
  0.08153301931342090  0.09185306765962561  0.10201129488132891  0.11246210642441143
  0.12313027646455432  0.13343397016343295  0.14383480138994578  0.15401419831004273
  0.16428010460701928  0.17468312006649767  0.18503625762959472  0.19535400412876350
  0.20559962970342871  0.21643472017196325  0.22778507154887681  0.23907988815156417
  0.25025199706174012  0.26093625698563938  0.27157305895839290  0.28208784327174985
  0.29277663582664981  0.30360436291838028  0.31457234454458116  0.32532609755832120
  0.33581827919566154  0.34626347470952129  0.35695948136502786  0.36757241195830415
  0.37819230563733514  0.38875577832382324  0.39947958905499736  0.41018049407112711
  0.42098677894751929  0.43146091068281051  0.44188804960838596  0.45240575025049229
  0.46300344780920455  0.47342303255684376  0.48371246299284754  0.49418157350031361
  0.50436604242992578  0.51468023632211124  0.52526366995725449  0.53638861743160482
  0.54721750043985073  0.55755080486675102  0.56772806009841525  0.57829647720588784
  0.58905247347054046  0.60016408731048165  0.61120667882250168  0.62235614947556184
  0.63307388917269480  0.64364654981929148  0.65383313052572845  0.66403952465219707
  0.67444798494492320  0.68498992919954416  0.69562776947539151  0.70622076281512991
  0.71705335012182692  0.72767035260037083  0.73829944216643462  0.74882648401803065
  0.75943363585386525  0.77010100075653487  0.78038502385512221  0.79085729992869114
  0.80102956373580447  0.81146034408372891  0.82176499737015751  0.83199768322249668
  0.84214765041519168  0.85240536160165148  0.86265825962767095  0.87315397909545966
  0.88365572416655724  0.89439658922545728  0.90491567511836513  0.91525997728078734
  0.92568414327436410  0.93608430947139043  0.94662543428052481  0.95697837131005237
  0.96757320036891081  0.97833441968867230  0.98921100364935244  1.00000000000000000
  0.20505212107611567  0.22347699404052071  0.23905070844785828  0.25484747203024066
  0.27012853107141482  0.28509109049242948  0.29967617494903098  0.31395023971873437
  0.32821804448978870  0.34216963506327164  0.35593007175447161  0.36909130039484606
  0.38197585500451425  0.39461676994361267  0.40713479142697129  0.41921009498987044
  0.43090180407551076  0.44229384613704725  0.45353995675604702  0.46469573354160409
  0.47576535772184986  0.48656642943121875  0.49715643383540220  0.50757562277647417
  0.51786736942876466  0.52811152555795859  0.53825931667883897  0.54834301303532185
  0.55842208449764308  0.56843412042835584  0.57815817611491249  0.58763210069518190
  0.59690839775487781  0.60609269095578766  0.61516851738100453  0.62413957049605417
  0.63300081661524255  0.64175315051688098  0.65040489943964253  0.65891769241113773
  0.66732471569361107  0.67563410334922480  0.68385667906126957  0.69197959382906393
  0.69999549868238964  0.70789806254523469  0.71565571606307476  0.72335110116509849
  0.73095445764863520  0.73840693998423867  0.74577236915042755  0.75311574876118514
  0.76049547322294109  0.76785271103931307  0.77503276309658509  0.78199700880809608
  0.78884948824961676  0.79569377207703584  0.80250483191564348  0.80917193636689355
  0.81568466787978411  0.82210983474380783  0.82850364349519523  0.83491002457544083
  0.84105234039295107  0.84719001503177926  0.85336445952848627  0.85928741343216763
  0.86522220132827676  0.87112433078239870  0.87698147409170280  0.88264961802222341
  0.88831603606500020  0.89387489723653224  0.89939381029784948  0.90488483739209258
  0.91036362669439674  0.91580564719941870  0.92112721091910943  0.92632189690917910
  0.93144236800024671  0.93646322158278694  0.94132253503988306  0.94606774386649184
  0.95078460709503299  0.95551247304612053  0.96023768008569299  0.96492774007571047
  0.96942278763961498  0.97382843678278042  0.97818166816235441  0.98248601837541871
  0.98677658860335526  0.99110289434534626  0.99550173654442720  1.00000000000000000
 -0.01785415656125905  0.10918355741470023  0.15199284417623229  0.18003098979810411
  0.20276178250178525  0.22259099089861178  0.24030333737366019  0.25655321764959482
  0.27167797288899048  0.28580806663313940  0.29899890028462767  0.31144657682325599
  0.32337218499269582  0.33481446984693103  0.34578830860733639  0.35641242289049158
  0.36687500056249017  0.37720376132662831  0.38747853621732070  0.39754090918291091
  0.40736242460934680  0.41691023787618448  0.42628939821337786  0.43546823819711350
  0.44431600759889101  0.45294931264407984  0.46155628058027248  0.47009064016430185
  0.47849252531536363  0.48676814626751436  0.49497127784258732  0.50320161501887140
  0.51137220516417536  0.51948679182147461  0.52745542799045475  0.53535543479868963
  0.54318418101156163  0.55087272647856100  0.55838886848062153  0.56571428409036328
  0.57292991492867251  0.58010489618967087  0.58723930267724456  0.59431641617004816
  0.60132575018724654  0.60826127092318738  0.61512057214883964  0.62190937019057257
  0.62866177912666465  0.63528512186836128  0.64176511581104523  0.64822924802088477
  0.65467436907950127  0.66111116602270814  0.66747981897578756  0.67380024352949675
  0.68014704446365193  0.68653360346081171  0.69292453637460227  0.69922382153284657
  0.70540271489290740  0.71160687471770157  0.71781064227949554  0.72404218572458534
  0.73014718911341048  0.73610959085025729  0.74203510443740750  0.74794432063919614
  0.75373470433055012  0.75943427661981111  0.76511963860591914  0.77081753699989253
  0.77653904213047109  0.78229954248181244  0.78808879812937926  0.79388822481617727
  0.79968917256397498  0.80545696727868044  0.81123139388363963  0.81709586760718356
  0.82303924374511306  0.82912403626215214  0.83531070987085665  0.84166730392325384
  0.84810427693934776  0.85476095508883887  0.86178089013183723  0.86905670584501071
  0.87682027829365672  0.88527821743412527  0.89445089265507749  0.90473924126551020
  0.91662550062205495  0.93123226370634127  0.95353529190704567  1.00000000000000000
   1.8602579785414724E-006  -1.0000000000000000     
 F F F F F F F F F F F F F F F F F F F F F F F F F F F F F F F F
  <DiscreteSampler_grid>
  grouped_processes
  1 # 1 for a reference and 2 for a running grid.
  10 # Attribute 'min_bin_probing_points' of the grid.
  1 # Attribute 'grid_mode' of the grid. 1=='default',2=='initialization'
  0.0000000000000000 # Attribute 'small_contrib_threshold' of the grid.
  0.5000000000000000 # Attribute 'damping_power' of the grid.
 # binID   n_entries weight   weight_sqr   abs_weight
    10   10   8.787844557260288E+005   1.552934888982132E+012   8.787844557260288E+005
    11   10   8.787844557260284E+005   1.552934888982132E+012   8.787844557260284E+005
  </DiscreteSampler_grid>
