  0.05651341172108985  0.33599494357053922  0.33865655380774518  0.34131816404495113
  0.34397977428215709  0.34664138451936305  0.34930299475656901  0.35196460499377491
  0.35471065710357186  0.35786133720191965  0.36101201730026738  0.36416269739861518
  0.36731337749696291  0.37046405759531065  0.37361473769365844  0.42658217816162575
  0.48399934557065138  0.49527003384061219  0.50654072211057299  0.51781141038053369
  0.52908209865049460  0.54035278692045552  0.58557436830089193  0.59077631966765753
  0.59597827103442302  0.60118022240118862  0.60465092411865629  0.60578794765280763
  0.60692497118695898  0.60806199472111033  0.60919901825526168  0.61033604178941303
  0.61147306532356438  0.61261008885771573  0.61374711239186708  0.61488413592601843
  0.61602115946016978  0.61715818299432113  0.61829520652847247  0.61943223006262382
  0.62056925359677517  0.62170627713092652  0.62284330066507787  0.62398032419922922
  0.62511734773338057  0.62625437126753192  0.62739139480168338  0.62852841833583473
  0.62966544186998608  0.63080246540413742  0.63193948893828877  0.63307651247244012
  0.63421353600659147  0.63535055954074282  0.63648758307489417  0.63762460660904552
  0.63876163014319687  0.63989865367734822  0.64103567721149957  0.64217270074565092
  0.64330972427980226  0.64444674781395361  0.64558377134810496  0.64673735710143077
  0.64789560029631210  0.64905384349119355  0.65021208668607489  0.65137032988095622
  0.65252857307583767  0.65368681627071901  0.65484505946560034  0.65600330266048179
  0.65716154585536313  0.65831978905024446  0.65947803224512591  0.66063627544000725
  0.66179451863488870  0.66295276182977003  0.66411100502465137  0.66526924821953282
  0.66642749141441415  0.67267804338775228  0.68025380123558954  0.68782955908342669
  0.69540531693126395  0.70298107477910110  0.71055683262693836  0.71813259047477562
  0.72570834832261299  0.75447798649060305  0.76859554225915805  0.77594324254972258
  0.78041808684148672  0.78041808684149672  0.78041808684150671  1.00000000000000000
  0.02930686845356253  0.03295795014295671  0.03660903183235089  0.04026011352174506
  0.04590448675739221  0.05279797330907732  0.05969145986076242  0.12148816898294508
  0.13814847290868601  0.15177777376650514  0.16540707462432436  0.17903637548214343
  0.22522863542449267  0.32477318473690880  0.42431773404932516  0.46130961016252670
  0.46583085055265361  0.47035209094278047  0.47487333133290738  0.47939457172303429
  0.48391581211316115  0.48843705250328801  0.49295829289341486  0.49747953328354172
  0.50200077367366858  0.50652201406379549  0.51104325445392229  0.51556449484404920
  0.52008573523417601  0.60391794921466313  0.70346249852707921  0.77165910050669473
  0.77421400044196664  0.77676890037723856  0.77932380031251058  0.78187870024778250
  0.78443360018305441  0.78698850011832644  0.78954340005359835  0.79209829998887038
  0.79465319992414229  0.79720809985941421  0.79976299979468612  0.80231789972995804
  0.80487279966522995  0.80742769960050187  0.80998259953577378  0.81253749947104570
  0.81509239940631761  0.81764729934158964  0.82020219927686155  0.82275709921213347
  0.82531199914740538  0.82786689908267730  0.83042179901794921  0.83297669895322113
  0.91898261882447030  0.93853094578697183  0.93979749669933088  0.94106404761168994
  0.94233059852404899  0.94359714943640804  0.94486370034876721  0.94613025126112626
  0.94739680217348532  0.94866335308584437  0.94992990399820343  0.95119645491056248
  0.95246300582292154  0.95372955673528059  0.95499610764763965  0.95626265855999870
  0.95752920947235776  0.95869287519448876  0.95967763175428600  0.96066238831408324
  0.96164714487388059  0.96263190143367783  0.96361665799347518  0.96460141455327242
  0.96558617111306977  0.96657092767286701  0.96755568423266436  0.96854044079246160
  0.96952519735225884  0.97050995391205619  0.97149471047185343  0.97247946703165078
  0.97346422359144802  0.97444898015124537  0.97543373671104261  0.97641849327083985
  0.97740324983063720  0.97838800639043444  0.98258915524828638  1.00000000000000000
 -0.00294457073809196  0.00073490030435652  0.00146980060871305  0.00220470091306957
  0.00293960121742609  0.00367450152178261  0.00440940182613914  0.00514430213049566
  0.00587920243485218  0.00661410273920871  0.00734900304356523  0.00808390334792175
  0.00881880365227827  0.00955370395663480  0.01028860426099132  0.01102350456534784
  0.01175840486970437  0.01249330517406089  0.01322820547841742  0.01396310578277394
  0.01469800608713046  0.01543290639148699  0.01616780669584351  0.01690270700020003
  0.01763760730455656  0.01837250760891308  0.01910740791326961  0.01984230821762613
  0.02057720852198265  0.02145682294936354  0.02241385336398861  0.02337088377861369
  0.02432791419323877  0.02528494460786385  0.02624197502248892  0.02719900543711400
  0.02815603585173908  0.02911306626636416  0.03007009668098923  0.03102712709561432
  0.03198415751023939  0.03294118792486447  0.03389821833948956  0.03485524875411463
  0.03581227916873971  0.03676930958336479  0.03772633999798987  0.03868337041261495
  0.03964040082724003  0.04059743124186511  0.04155446165649019  0.04420510534531425
  0.04708068532708833  0.04995626530886241  0.05283184529063648  0.05570742527241056
  0.05858300525418463  0.06145858523595871  0.11862296564840168  0.20661180927930811
  0.29460065291021481  0.32089729656222821  0.33143908171690911  0.34198086687159007
  0.35252265202627103  0.36306443718095194  0.37360622233563284  0.45135543589523480
  0.53934427952614139  0.58995628711239823  0.60320057865959986  0.61644487020680139
  0.62669378092451333  0.63147777635017610  0.63626177177583898  0.64104576720150175
  0.64582976262716463  0.65062974764404258  0.65542974460423831  0.66022974156443415
  0.66502973852462999  0.66982973548482572  0.67462973244502145  0.67942972940521718
  0.68422972636541290  0.71554138994497263  0.75428352396778353  0.76132444823455858
  0.76836537250133363  0.77495639789604087  0.78130461951362173  0.78765284113120260
  0.82402231273817861  0.91201115636908525  0.97125685612360635  1.00000000000000000
  0.09441995223363245  0.40267562243014221  0.40951791152695116  0.41636020062376011
  0.41961212641388879  0.42269569935448020  0.42577927229507168  0.42886284523566309
  0.43194641817625457  0.43502999111684598  0.43812802125055211  0.44128425133092380
  0.44444048141129550  0.44759671149166719  0.45075294157203882  0.45390917165241051
  0.45706540173278221  0.46022163181315390  0.46337786189352559  0.46653409197389734
  0.46969032205426903  0.47284655213464072  0.47600278221501247  0.47915901229538416
  0.56350333644250783  0.57476220975113790  0.58602108305976786  0.59727995636839804
  0.60853882967702810  0.61979770298565806  0.67434525126207823  0.76607561266546909
  0.83709449262004088  0.85119237867957664  0.86529026473911219  0.87938815079864785
  0.89348603685818340  0.91737211452201550  0.91853548041912225  0.91969884631622911
  0.92086221221333586  0.92202557811044261  0.92318894400754936  0.92435230990465611
  0.92551567580176286  0.92667904169886972  0.92784240759597647  0.92900577349308322
  0.93016913939018997  0.93133250528729672  0.93249587118440358  0.93365923708151033
  0.93482260297861708  0.93598596887572383  0.93714933477283058  0.93831270066993744
  0.93947606656704419  0.94063943246415094  0.94180279836125769  0.94296616425836444
  0.94412953015547119  0.94529289605257805  0.94645626194968480  0.94761962784679155
  0.94878299374389830  0.94994635964100504  0.95110972553811179  0.95227309143521865
  0.95343645733232540  0.95459982322943215  0.95576318912653890  0.95692655502364565
  0.95808992092075251  0.95923647572588622  0.96037858244910712  0.96152068917232802
  0.96266279589554893  0.96380490261876972  0.96494700934199062  0.96608911606521153
  0.96723122278843232  0.96837332951165322  0.96951543623487413  0.97065754295809503
  0.97179964968131582  0.97294175640453673  0.97408386312775763  0.97522596985097842
  0.97636807657419933  0.97751018329742023  0.97865229002064114  0.98168347091582109
  0.98626260318686576  0.99084173545791054  0.99542086772895522  1.00000000000000000
  0.04239642222722378  0.05371047016164912  0.06433702290868244  0.07256994675968965
  0.08080287061069687  0.08924156358482760  0.09777156644846254  0.10630156931209746
  0.11483157217573231  0.12336157503936716  0.20836440052221980  0.31154811043428210
  0.41473182034634443  0.51791553025840653  0.52429061864742144  0.52784851321183757
  0.53140640777625370  0.53496430234066983  0.53852219690508607  0.54208009146950220
  0.54563798603391833  0.54919588059833446  0.55275377516275059  0.55631166972716672
  0.55986956429158286  0.56342745885599899  0.56698535342041512  0.57054324798483125
  0.57410114254924738  0.57765903711366351  0.58121693167807964  0.58570913953978543
  0.59157310732923063  0.59743707511867583  0.60330104290812092  0.60916501069756612
  0.61502897848701121  0.62089294627645630  0.62675691406590139  0.63262088185534648
  0.63848484964479157  0.64434881743423666  0.64681379700724051  0.64812661138366578
  0.64943942576009117  0.65075224013651656  0.65206505451294194  0.65337786888936722
  0.65469068326579261  0.65600349764221799  0.65731631201864338  0.65862912639506865
  0.65994194077149404  0.66125475514791943  0.66256756952434481  0.66388038390077020
  0.66519319827719547  0.66650601265362086  0.66781882703004625  0.66913164140647152
  0.67044445578289691  0.67175727015932230  0.67307008453574757  0.67438289891217296
  0.67569571328859834  0.67700852766502362  0.67832134204144900  0.67963415641787428
  0.68094697079429967  0.68225978517072505  0.68357259954715033  0.68488541392357571
  0.68619822830000110  0.68751104267642638  0.68882385705285176  0.69013667142927715
  0.69144948580570242  0.69276230018212781  0.69407511455855320  0.69538792893497847
  0.69670074331140386  0.69801355768782924  0.69932637206425452  0.70063918644067991
  0.70195200081710518  0.70326481519353057  0.70457762956995595  0.70589044394638123
  0.70720325832280662  0.72269616029425365  0.82587987020631581  0.86568743948439286
  0.88113342176575304  0.89681629008793051  0.96733278433481851  1.00000000000000000
  0.09952646096547453  0.12705451375046317  0.12910902750092632  0.13116354125138949
  0.13321805500185263  0.13527256875231580  0.13732708250277895  0.13938159625324212
  0.14143611000370529  0.14349062375416843  0.14554513750463161  0.14796934505951156
  0.15045387256643250  0.15293840007335346  0.15542292758027440  0.15790745508719534
  0.16039198259411627  0.16287651010103724  0.16536103760795817  0.21099658278448979
  0.30442184442703335  0.31853602601284109  0.32514336556423912  0.33175070511563709
  0.33835804466703517  0.34496538421843326  0.35157272376983140  0.35818006332122942
  0.36478740287262745  0.37139474242402543  0.39818914355348417  0.40837154389257485
  0.41855394423166553  0.42873634457075616  0.43891874490984673  0.44910114524893735
  0.46705169300831034  0.56047695465085379  0.56369713888714068  0.56492077457442602
  0.56614441026171147  0.56736804594899681  0.56859168163628226  0.56981531732356761
  0.57103895301085306  0.57226258869813840  0.57348622438542374  0.57470986007270919
  0.57593349575999453  0.57715713144727998  0.57838076713456532  0.57960440282185077
  0.58082803850913611  0.58205167419642156  0.58327530988370691  0.58449894557099236
  0.58572258125827770  0.58694621694556315  0.58816985263284849  0.58939348832013394
  0.59061712400741939  0.59184075969470473  0.59306439538199018  0.59428803106927552
  0.59551166675656098  0.59673530244384632  0.59795893813113177  0.59918257381841722
  0.60040620950570256  0.60162984519298801  0.60285348088027335  0.60407711656755880
  0.60530075225484414  0.60652438794212959  0.60774802362941494  0.60897165931670039
  0.61019529500398573  0.61141893069127118  0.61264256637855652  0.61386620206584197
  0.61508983775312731  0.61631347344041265  0.61753710912769810  0.61876074481498344
  0.61998438050226889  0.62120801618955424  0.62243165187683969  0.62365528756412503
  0.62487892325141048  0.70918098490777182  0.80260624655031543  0.89603150819285871
  0.96265316511242516  0.97562028762753084  0.98793326769782031  1.00000000000000000
  0.00686788161595660  0.01433837269166197  0.02240684926908605  0.03445663915304852
  0.08105841047273700  0.16682528870033439  0.16807311124412014  0.16932093378790589
  0.17056875633169163  0.17181657887547738  0.17306440141926313  0.17431222396304888
  0.17556004650683463  0.17680786905062038  0.17805569159440612  0.17930351413819187
  0.18055133668197762  0.18179915922576337  0.18304698176954909  0.18429480431333484
  0.18554262685712059  0.18679044940090633  0.18803827194469208  0.18928609448847783
  0.19053391703226358  0.19178173957604933  0.19302956211983507  0.19427738466362082
  0.19552520720740657  0.19677302975119232  0.19802085229497807  0.19926867483876382
  0.20051649738254956  0.20176431992633531  0.20301214247012103  0.20425996501390678
  0.20550778755769253  0.20675561010147828  0.20800343264526402  0.20918535226630683
  0.21034358640756365  0.21150182054882047  0.21266005469007732  0.21381828883133414
  0.21497652297259096  0.21613475711384778  0.21729299125510460  0.21845122539636144
  0.21960945953761826  0.22076769367887508  0.22192592782013190  0.22308416196138875
  0.22424239610264557  0.22540063024390239  0.22655886438515921  0.22771709852641603
  0.22887533266767288  0.23169780155048986  0.23507955995107946  0.23846131835166906
  0.24184307675225863  0.24522483515284824  0.24860659355343784  0.25198835195402747
  0.25537011035461704  0.25875186875520667  0.26213362715579624  0.26551538555638587
  0.26889714395697545  0.31275677208444025  0.41083229722479259  0.50890782236514487
  0.60698334750549732  0.66984047799039981  0.67794819684459362  0.68605591569878754
  0.69416363455298136  0.70227135340717528  0.70964517484504974  0.71484429483660672
  0.72004341482816381  0.72524253481972079  0.73053350574046683  0.73610717353014088
  0.74168084131981504  0.74725450910948921  0.75282817689916326  0.75840184468883742
  0.76397551247851159  0.76954918026818564  0.84631260929316077  0.93855954475677594
  0.95364569172930336  0.96648445250388071  0.97579807440439859  1.00000000000000000
  0.03078490098317468  0.03232717021885192  0.03386943945452915  0.03541170869020638
  0.03695397792588361  0.03849624716156085  0.04003851639723808  0.04158078563291531
  0.04496729327236790  0.04846255289181515  0.05195781251126241  0.05545307213070966
  0.05894833175015692  0.06244359136960417  0.16297673994888220  0.25184891898505635
  0.26435224536656687  0.27685557174807751  0.28935889812958815  0.30186222451109873
  0.32773748007985526  0.37810016204486468  0.38387103372559128  0.38964190540631793
  0.39541277708704453  0.40118364876777124  0.40695452044849789  0.41272539212922460
  0.41849626380995125  0.42426713549067790  0.43003800717140456  0.43580887885213115
  0.43840837898287277  0.43969329542700542  0.44097821187113800  0.44226312831527065
  0.44354804475940329  0.44483296120353588  0.44611787764766853  0.44740279409180111
  0.44868771053593376  0.44997262698006640  0.45125754342419899  0.45254245986833164
  0.45382737631246423  0.45511229275659687  0.45639720920072951  0.45768212564486210
  0.45896704208899475  0.46025195853312739  0.46153687497726004  0.46282179142139263
  0.46410670786552527  0.46539162430965791  0.46667654075379056  0.46796145719792320
  0.46924637364205585  0.47053129008618844  0.47181620653032108  0.47310112297445372
  0.47438603941858637  0.47567095586271901  0.47695587230685166  0.47824078875098425
  0.47952570519511689  0.48081062163924954  0.48209553808338212  0.48338045452751477
  0.48466537097164741  0.48595028741578000  0.48723520385991265  0.48852012030404524
  0.48980503674817788  0.49108995319231052  0.49237486963644311  0.49365978608057576
  0.49494470252470835  0.49622961896884099  0.49751453541297364  0.49879945185710622
  0.50670557516654191  0.60883046890434922  0.71095536264215631  0.81308025637996351
  0.84007091472213180  0.84847520829231760  0.85687950186250328  0.86528379543268896
  0.87368808900287465  0.88209238257306033  0.89049667614324601  0.93310976076028096
  0.95248827339620823  0.96723938779962815  0.97854978243509927  1.00000000000000000
  0.10547023614247655  0.11194156950980956  0.11841290287714257  0.12488423624447557
  0.13242896058824094  0.13999323625126914  0.14907850088455288  0.16331562353597423
  0.17755274618739544  0.20920612654051643  0.22057328410817592  0.23194044167583538
  0.24330759924349474  0.25467475681115409  0.26604191437881347  0.32450806416543831
  0.41729294487086799  0.51007782557629744  0.60286270628172711  0.60532003204924179
  0.60648983739288165  0.60765964273652151  0.60882944808016126  0.60999925342380112
  0.61116905876744099  0.61233886411108085  0.61350866945472060  0.61467847479836046
  0.61584828014200033  0.61701808548564008  0.61818789082927994  0.61935769617291980
  0.62052750151655967  0.62169730686019942  0.62286711220383928  0.62403691754747914
  0.62520672289111900  0.62637652823475876  0.62754633357839862  0.62871613892203848
  0.62988594426567834  0.63105574960931810  0.63222555495295796  0.63339536029659782
  0.63456516564023757  0.63573497098387743  0.63690477632751730  0.63807458167115716
  0.63924438701479691  0.64041419235843677  0.64158399770207664  0.64275380304571650
  0.64392360838935625  0.64509341373299611  0.64626321907663598  0.64743302442027584
  0.64860282976391570  0.64977263510755545  0.65094244045119531  0.65211224579483518
  0.65328205113847504  0.65445185648211490  0.65562166182575476  0.65679146716939452
  0.65796127251303438  0.65913107785667424  0.66030088320031410  0.66147068854395397
  0.66264049388759383  0.66381029923123358  0.66498010457487344  0.66614990991851331
  0.71846420405739297  0.81124908476282254  0.83733267126620503  0.84258125365927439
  0.84782983605234374  0.85307841844541310  0.85647703618559590  0.85939174550406483
  0.86230645482253365  0.86522116414100259  0.86813587345947152  0.87105058277794034
  0.87396529209640927  0.87657675067291851  0.87902130727957173  0.88146586388622483
  0.88391042049287805  0.88635497709953115  0.88879953370618436  0.89124409031283747
  0.89368864691949068  0.90721511929456544  0.96768814722696939  1.00000000000000000
  0.21096968253453571  0.36063851224638799  0.36711035782610918  0.37358220340583043
  0.38059370891739186  0.38775660354598795  0.39491949817458405  0.47145613323293323
  0.55813768104248107  0.64481922885202891  0.72919633408681084  0.73029808931823414
  0.73139984454965734  0.73250159978108065  0.73360335501250395  0.73470511024392715
  0.73580686547535046  0.73690862070677365  0.73801037593819696  0.73911213116962016
  0.74021388640104346  0.74131564163246666  0.74241739686388997  0.74351915209531316
  0.74462090732673647  0.74572266255815978  0.74682441778958297  0.74792617302100628
  0.74902792825242948  0.75012036986084318  0.75114299911130511  0.75216562836176704
  0.75318825761222896  0.75421088686269089  0.75523351611315293  0.75625614536361485
  0.75727877461407678  0.75830140386453870  0.75932403311500063  0.76034666236546256
  0.76136929161592448  0.76239192086638652  0.76341455011684844  0.76443717936731037
  0.76545980861777230  0.76648243786823422  0.76750506711869615  0.76852769636915819
  0.76955032561962011  0.77057295487008204  0.77159558412054396  0.77261821337100589
  0.77364084262146793  0.77466347187192985  0.77568610112239178  0.77670873037285371
  0.77773135962331574  0.77875398887377767  0.77977661812423960  0.78079924737470152
  0.78182187662516356  0.78284450587562548  0.78386713512608741  0.78488976437654934
  0.78591239362701137  0.78693502287747330  0.78795765212793523  0.78898028137839715
  0.79000291062885919  0.79102553987932112  0.79278095723318631  0.79576784784859333
  0.79875473846400047  0.80174162907940749  0.80472851969481451  0.80771541031022154
  0.81070230092562856  0.81446028205504017  0.81938391956145162  0.82430755706786307
  0.82923119457427452  0.83415483208068597  0.83907846958709742  0.84400210709350898
  0.84892574459992043  0.85384938210633199  0.85877301961274344  0.86369665711915489
  0.86862029462556634  0.87354393213197779  0.91925113305173245  0.93081043826558707
  0.94202270045752401  0.95275822999826165  0.96172398726145414  1.00000000000000000
   1.9161177407371104E-007  -1.0000000000000000     
 F F F F F F F F F F F F F F F F
  <DiscreteSampler_grid>
  grouped_processes
  1 # 1 for a reference and 2 for a running grid.
  10 # Attribute 'min_bin_probing_points' of the grid.
  1 # Attribute 'grid_mode' of the grid. 1=='default',2=='initialization'
  0.0000000000000000 # Attribute 'small_contrib_threshold' of the grid.
  0.5000000000000000 # Attribute 'damping_power' of the grid.
 # binID   n_entries weight   weight_sqr   abs_weight
    10   10   8.449935472899351E+006   1.264234650562410E+014   8.449935472899351E+006
  </DiscreteSampler_grid>
