 -0.00122005127254438  0.00384052647568573  0.00884502930680843  0.01377284755238289
  0.01884995600058900  0.02411490407708443  0.02940697556827474  0.03480511226378868
  0.04037496276773641  0.04597112322264147  0.05153349352432247  0.05706552396256238
  0.06258790912249673  0.06811077710633170  0.07363189940346500  0.07919304400757397
  0.08495808073438825  0.09101063702924884  0.09722218699907087  0.10347228588450036
  0.10981657177045973  0.11632257208806707  0.12283089816655013  0.12966778988007821
  0.13660381238487518  0.14380405008300656  0.15136650406828911  0.15907749748942807
  0.16686628458418165  0.17481200266263144  0.18306520825674119  0.19177119725862238
  0.20149249938559174  0.21151975544500962  0.22169194306797241  0.23188160808465125
  0.24211538919702330  0.25272512684178622  0.26413070859441345  0.27686154201362839
  0.29159299704880265  0.30747583762450786  0.32475709668624608  0.34391105658747700
  0.36554199816047295  0.39068666969271026  0.42828310766323247  0.50779168920254847
  0.57856608055264958  0.61366291547623208  0.63850561672338435  0.65876985508334140
  0.67684125669364603  0.69286641721553455  0.70704675531468386  0.71989853284126015
  0.73198413221851466  0.74356541424359779  0.75461703536324365  0.76521304277201063
  0.77552432790592807  0.78543400294167731  0.79477458414752977  0.80388961024966465
  0.81281764159055414  0.82141339086102261  0.82975727470896565  0.83756792298610916
  0.84507812709920349  0.85243362932876776  0.85952349334334466  0.86626763096842307
  0.87298206880729678  0.87950238259424962  0.88594120137757859  0.89208752047006834
  0.89828510188820021  0.90440841778680947  0.91050850252857640  0.91639928483268551
  0.92201787842640925  0.92752826032242019  0.93306846694951995  0.93862695126997386
  0.94417965300018825  0.94959192673727577  0.95488164676448251  0.96002561623039229
  0.96508567217153207  0.97012748254884174  0.97522943109396798  0.98041587171861344
  0.98558014326249099  0.99056564989608842  0.99535214709287279  1.00000000000000000
 -0.00288160560985166  0.01053305225145955  0.02192671106365362  0.03280724433664585
  0.04300462833934855  0.05295428900602265  0.06320788535300338  0.07393930207019757
  0.08449453938542140  0.09476561911308319  0.10483568804226037  0.11496021375556592
  0.12509621919335451  0.13568372058715167  0.14613512297961959  0.15685330815772680
  0.16735243004015915  0.17867114162719261  0.19004479771000796  0.20112742596606545
  0.21187070073795519  0.22235880884265360  0.23274939571404249  0.24311679721604820
  0.25349515301661807  0.26398487435841228  0.27440270286647345  0.28456240295060165
  0.29468718095500196  0.30479279379871593  0.31503755567857505  0.32540788955526079
  0.33604640784209500  0.34674437120617113  0.35734657136806813  0.36753529346803349
  0.37766105960643970  0.38784979880373377  0.39811068421293588  0.40863097726157932
  0.41919354108098678  0.42972514730161465  0.44002720623676184  0.45038497989263870
  0.46087553731868797  0.47178560100476324  0.48324388741775126  0.49495731831505280
  0.50580088072587126  0.51626858677286336  0.52641098460239810  0.53650677072691666
  0.54644300212698360  0.55679465041827858  0.56756900556500822  0.57926805612712962
  0.58984201403690739  0.60041168671818024  0.61109880482232515  0.62238983510993873
  0.63330571889984444  0.64379571022964055  0.65464447408874915  0.66552671863372226
  0.67658675976864624  0.68744502531219176  0.69826173210656395  0.70879042011975335
  0.71925890940478010  0.72949186615378270  0.73968060174088046  0.75020480468688855
  0.76068868653533639  0.77096776987851656  0.78121839094498469  0.79147231505836213
  0.80194859866970436  0.81180924482535832  0.82278721630241625  0.83345821547308319
  0.84424526437714642  0.85466245223420845  0.86487752388225159  0.87507068904944185
  0.88527905535270246  0.89559217657706425  0.90571833563059034  0.91516939699244537
  0.92534951878660410  0.93568630804645481  0.94589736987962192  0.95560499624272055
  0.96575974530865605  0.97687269963293044  0.98821891555089247  1.00000000000000000
 -0.00013117319736635  0.01431849328347910  0.02663120139418773  0.03679690870054347
  0.04620816532473944  0.05454213535717810  0.06293202622383935  0.07012796343276488
  0.07778568444329717  0.08516350836675811  0.09216329847961269  0.09877147851829714
  0.10537773164398188  0.11208189544562022  0.11870790380662985  0.12548649184599470
  0.13230598620980047  0.13911686818413083  0.14580952628782692  0.15245061110417610
  0.15910791768151569  0.16579211018156798  0.17255135754829856  0.17920040784440269
  0.18567753280578145  0.19179420269415312  0.19749040113283078  0.20335284481473032
  0.20921835530540417  0.21520962633950427  0.22118807701333432  0.22707424036285020
  0.23298834733690404  0.23898494480745050  0.24506146038263468  0.25139177803772106
  0.25801182203363876  0.26448596454215678  0.27078909123577005  0.27692263065641692
  0.28299193917983478  0.28912037074984059  0.29541321561590095  0.30164516457472607
  0.30789534273156621  0.31417440854408107  0.32046806726060534  0.32682624687824768
  0.33325963349240795  0.33976043767206165  0.34632594590364668  0.35284583098855804
  0.35940360735406263  0.36604468754832098  0.37268941445350151  0.37955012240108882
  0.38659402196797954  0.39380929886578875  0.40092316611053519  0.40781031053885813
  0.41481917655404199  0.42222812022714090  0.42999546323165749  0.43759979038835339
  0.44509728206644300  0.45262081305386592  0.46046614709506239  0.46857041782504705
  0.47677597741537292  0.48488826975255622  0.49293629282102081  0.50107792141927388
  0.50947216795510608  0.51818791204824222  0.52698171954542739  0.53594945213273315
  0.54533578908811975  0.55502909802224254  0.56485527472532127  0.57512933550530787
  0.58566300385336090  0.59752291783412759  0.60971489146733260  0.62259241706298130
  0.63572093789406903  0.64906266941610224  0.66298699293687302  0.67828489290284177
  0.69577628490843513  0.71576082604138691  0.73714923686122347  0.76035342195872568
  0.78731827464711091  0.82157915796905523  0.87570795123152101  1.00000000000000000
 -0.02001624125367261  0.11512432647310744  0.15304311852867114  0.17572965351511949
  0.19381649766883613  0.20893892796607783  0.22245143817149923  0.23446082704895194
  0.24536599927911421  0.25534124393796342  0.26476660665561902  0.27389162135710793
  0.28267165675518685  0.29109761807470041  0.29909434271219826  0.30693536787416276
  0.31458845400909780  0.32208444276449588  0.32963931254557866  0.33679405141350860
  0.34380027573741767  0.35057238479231567  0.35701277105093387  0.36328090712089967
  0.36948578338446941  0.37562289552317979  0.38165905475361267  0.38756646144050871
  0.39338424008967016  0.39923795792339212  0.40508177825165786  0.41097322483893872
  0.41693989201649539  0.42259657572054499  0.42815901994545269  0.43354858713331984
  0.43891989550951033  0.44432370614968375  0.44975410435641577  0.45518596759558516
  0.46051311847222159  0.46572077992408795  0.47089440749119787  0.47596806486170828
  0.48107788350413361  0.48625957098626843  0.49149845651133306  0.49684787968000288
  0.50221043097051410  0.50767255111814480  0.51303600131111204  0.51833338616013980
  0.52369362513563644  0.52911396740469696  0.53456241762659062  0.53996368598571021
  0.54524285579115017  0.55041301506515183  0.55562139561335711  0.56096663630856347
  0.56627142976886458  0.57160376949837333  0.57698072972568137  0.58251157428366263
  0.58821623009814894  0.59383663040157941  0.59943642503323680  0.60507088774951601
  0.61095825212995958  0.61691442976328281  0.62295244889668677  0.62914110263820178
  0.63551313683991884  0.64192926291090835  0.64860364450504271  0.65545768323416020
  0.66249965747199502  0.66961091982619447  0.67672910910271178  0.68397855192899515
  0.69140426324626292  0.69916052843056764  0.70716150512310394  0.71552606720601919
  0.72437128438530274  0.73361759133638560  0.74338318442800688  0.75371683540045742
  0.76497256936075742  0.77722184812204420  0.79059017931270614  0.80552358317810535
  0.82358514723727927  0.84704286461100475  0.88473341259776639  1.00000000000000000
   2.0162186634276197E-005  -1.0000000000000000     
 F F F F F F F F F F F F F F F F
  <DiscreteSampler_grid>
  grouped_processes
  1 # 1 for a reference and 2 for a running grid.
  10 # Attribute 'min_bin_probing_points' of the grid.
  1 # Attribute 'grid_mode' of the grid. 1=='default',2=='initialization'
  0.0000000000000000 # Attribute 'small_contrib_threshold' of the grid.
  0.5000000000000000 # Attribute 'damping_power' of the grid.
 # binID   n_entries weight   weight_sqr   abs_weight
    10   10   6.595005316866229E+006   8.244603413074820E+013   6.595005316866229E+006
  </DiscreteSampler_grid>
