  0.00002333507864436  0.00004369098031038  0.00005924139149497  0.00007390316876494
  0.00008890231232219  0.00010369613000865  0.00011800793014232  0.00013220157780581
  0.00014646989616153  0.00016096017375608  0.00017542497394549  0.00018963807277188
  0.00020363862300943  0.00021817222988443  0.00023268061967166  0.00024754291254626
  0.00026319451268951  0.00027955594862799  0.00029612323398279  0.00031269256444610
  0.00032947084283276  0.00034578955584276  0.00036230563865501  0.00037906846531365
  0.00039610491945888  0.00041352668402545  0.00043141477512845  0.00044969942605347
  0.00046806801291680  0.00048658003538729  0.00050531739244503  0.00052385820658565
  0.00054247148721420  0.00056168587355388  0.00058165555745286  0.00060242967946435
  0.00062395674582256  0.00064606026387149  0.00066883671141618  0.00069245287050466
  0.00071701716444372  0.00074257564648298  0.00076912309801048  0.00079672325303964
  0.00082521435889703  0.00085450721805486  0.00088436066725797  0.00091508260247855
  0.00094694616152782  0.00098068899346354  0.00101438671926962  0.00104976372903496
  0.00108658608075225  0.00112522438033225  0.00116773568577788  0.00120997664583681
  0.00125636293463180  0.00130299502829266  0.00135288527898483  0.00140582048919324
  0.00146084050757252  0.00151784432440210  0.00157595761671880  0.00163895100946531
  0.00170292938143861  0.00177520567649006  0.00185017545320277  0.00193661281115075
  0.00202787495023882  0.00212858966904671  0.00223774949624423  0.00235523340393073
  0.00247982404940370  0.00261163799322064  0.00275090738484363  0.00289937061493026
  0.00306070663927902  0.00323932350005048  0.00343719931784310  0.00365824639048480
  0.00390645402302231  0.00418167187155153  0.00448536827009086  0.00482759247312820
  0.00522703168835482  0.00573545688559200  0.00635181143294441  0.00707858241118324
  0.00784418725465921  0.00873481933419844  0.01007049209486760  0.01214233361524707
  0.01550238949361332  0.02183802962309179  0.17687149894422757  1.00000000000000000
 -0.00240103705473302  0.00985276113948812  0.02073299738289379  0.03204642426434719
  0.04317397301732642  0.05394921635818776  0.06485548459122271  0.07566665075423287
  0.08635163186457732  0.09703061919719477  0.10801521027874122  0.11927941848580828
  0.13008428388922802  0.14058390647744923  0.15093215152134853  0.16087731614408116
  0.17069006992686164  0.18041430754941404  0.19056725601846189  0.20077476346716619
  0.21093979067836621  0.22105070719105513  0.23115514497961492  0.24130651800173622
  0.25142660445522552  0.26175606299736759  0.27230208751761548  0.28330925069543139
  0.29464163528882420  0.30596853978888960  0.31700724925951690  0.32778146518373252
  0.33830542919553847  0.34882948338360525  0.35923097458208536  0.36963973815459517
  0.37987346226073254  0.39016743475477067  0.40036735376447080  0.41061770886416699
  0.42130867687002466  0.43217984340540627  0.44282969054160248  0.45322487533921296
  0.46384820175608427  0.47469604747763944  0.48533270522802230  0.49575280972229352
  0.50644076649460890  0.51748455052849807  0.52817478848276544  0.53855822091396355
  0.54872789522179477  0.55858645343378921  0.56850144778983458  0.57781816449531120
  0.58727829233861228  0.59692817250954477  0.60688406522667038  0.61691859000317018
  0.62696791475702907  0.63737788353041003  0.64802914183253002  0.65882495079744019
  0.66942509157118679  0.68000270920631845  0.69063364115687609  0.70144388921131684
  0.71230298993701746  0.72343120724788357  0.73476062596860015  0.74643471213378576
  0.75785030414303522  0.76879231378152213  0.77911120487252350  0.78902271955444414
  0.79939530677215731  0.80986444450638662  0.82086180234602701  0.83162286617706704
  0.84253894296751231  0.85363905984892141  0.86453684132854014  0.87543182383103768
  0.88645540210314522  0.89739614069374307  0.90816551816947289  0.91879296216020323
  0.92923875335689821  0.93972491149513493  0.94989690668359317  0.95991227163748505
  0.96991649173938932  0.97972427275276630  0.98978923987146095  1.00000000000000000
 -0.00142844557537968  0.02322563221082859  0.04244338152218324  0.05868767790500681
  0.07327729246344052  0.08653637112915293  0.09894117699604925  0.11070058248012536
  0.12219546796043236  0.13338731908004861  0.14424428854906343  0.15466445013592087
  0.16469843468225584  0.17445213072542434  0.18403677206158031  0.19328838976823470
  0.20233808347896212  0.21143511479393196  0.22033376772690730  0.22910912512729487
  0.23790969996832970  0.24683634813612948  0.25581333947250007  0.26449802324872984
  0.27282934200946490  0.28096444718924080  0.28914733413585014  0.29753979862019059
  0.30592341914673321  0.31400047175507445  0.32185448407447176  0.32973267566167874
  0.33758947632071035  0.34539598834499136  0.35303518063700379  0.36050475408722327
  0.36794399348987000  0.37535102257350333  0.38297367921687464  0.39054139579424257
  0.39808422279324968  0.40538269796630710  0.41264130025462903  0.42006564867484003
  0.42757278308435565  0.43510320675704461  0.44262038125587705  0.45017272272817943
  0.45779004579999982  0.46539518022017506  0.47292080165136102  0.48031864426691534
  0.48766529413571835  0.49502934335480270  0.50250155458963486  0.50995449403084980
  0.51750854189771245  0.52506150594223089  0.53306663909857566  0.54086827796153059
  0.54867080641844601  0.55640132364237560  0.56423972807853606  0.57220023784062246
  0.58017637084648677  0.58808676469605792  0.59598745077707305  0.60414262785618700
  0.61269262471112884  0.62142307156611798  0.63014426073803509  0.63892130922224677
  0.64784333732783117  0.65691164566495253  0.66597792494465402  0.67481068811370171
  0.68366119116087531  0.69274370786127626  0.70189869511978020  0.71128542701410347
  0.72074112844586113  0.73028316427136564  0.74028415634929745  0.75069270682068689
  0.76172857560674523  0.77311247987533771  0.78488357146270182  0.79724613548339596
  0.81036866975083421  0.82434337847300099  0.83978122626159912  0.85680200062595313
  0.87617146698327508  0.89970295261961952  0.93291021457000201  1.00000000000000000
 -0.02011951730070644  0.11909640757552084  0.15570377817714012  0.17802390280534769
  0.19541069930294944  0.21029577387129758  0.22345829711748186  0.23529781127654312
  0.24632346484920209  0.25634743415896294  0.26573398860499836  0.27456541259904305
  0.28304997047149738  0.29139428746318935  0.29950298978685458  0.30738536280517337
  0.31506351369585917  0.32248778838653558  0.32976211780712300  0.33674917630327300
  0.34334751974010597  0.34973885701889973  0.35596894506520743  0.36206957356098152
  0.36823153735715131  0.37435935313034285  0.38025514781773445  0.38595105489000403
  0.39154359463054600  0.39704641298807936  0.40250581546295044  0.40800263188387476
  0.41355391628585569  0.41914318934826555  0.42476987295486518  0.43032601396061027
  0.43572598077971275  0.44128519758239193  0.44683098397060711  0.45235641688914224
  0.45787347764365793  0.46336410915949150  0.46889933630882291  0.47439273686940425
  0.47990903222070080  0.48544090823153258  0.49094332342251856  0.49641510265376604
  0.50179823096891141  0.50707978115014618  0.51255237349365013  0.51815195471698861
  0.52383612438819227  0.52940853411011046  0.53488034160526410  0.54028189665327730
  0.54570129689421254  0.55118336405492019  0.55669492419470457  0.56224793587898525
  0.56783507266951949  0.57349169505467756  0.57916884694320681  0.58478325024712918
  0.59042649290343707  0.59604710695499319  0.60179334603428758  0.60768115278694212
  0.61369181198672496  0.61978510846193513  0.62598965953463959  0.63232111532523272
  0.63868935306805141  0.64514183621543320  0.65168896865120995  0.65833108613159474
  0.66499325178670665  0.67181520032095110  0.67872932743879855  0.68587207558841268
  0.69326295885461231  0.70099203094864992  0.70880602157943196  0.71721457576512737
  0.72574316208997125  0.73483119265606800  0.74415040133992116  0.75404913528251216
  0.76501007508285357  0.77700631719053925  0.79032783200869250  0.80505229347098994
  0.82224663815227494  0.84445979458872733  0.88194795193722386  1.00000000000000000
   5.3431475909734426E-004  -1.0000000000000000     
 F F F F F F F F F F F F F F F F
  <DiscreteSampler_grid>
  grouped_processes
  1 # 1 for a reference and 2 for a running grid.
  10 # Attribute 'min_bin_probing_points' of the grid.
  1 # Attribute 'grid_mode' of the grid. 1=='default',2=='initialization'
  0.0000000000000000 # Attribute 'small_contrib_threshold' of the grid.
  0.5000000000000000 # Attribute 'damping_power' of the grid.
 # binID   n_entries weight   weight_sqr   abs_weight
    10   10   2.420313135247380E+008   1.174919499929860E+017   2.420313135247380E+008
    16   10   2.420313135247381E+008   1.174919499929860E+017   2.420313135247381E+008
  </DiscreteSampler_grid>
