  0.00843700304647575  0.01677891489337572  0.02788780147274970  0.03943139260987398
  0.05025135400452070  0.06085917497940693  0.07141470412404845  0.08185014692414863
  0.09221487585744807  0.10241785029045598  0.11243282864822439  0.12249494672873831
  0.13305731496356973  0.14410479379943841  0.15519883993402306  0.16638846972789298
  0.17775789738395917  0.18889799071862604  0.19950392180909948  0.20967929630789581
  0.21973444243374418  0.22978877121029057  0.23992281400911925  0.25019722979282044
  0.26048346571418241  0.27076534978087990  0.28104910995707133  0.29136732329768483
  0.30174609100035926  0.31206364797907327  0.32240363453014259  0.33282272114411959
  0.34339267811289603  0.35396822018351265  0.36447301576496671  0.37487501891493918
  0.38502036576539356  0.39504895029416626  0.40493048257207714  0.41478160338192960
  0.42464651436439282  0.43453993721920847  0.44460849295083771  0.45488777198010294
  0.46529400633314966  0.47571176217948274  0.48600916954934686  0.49619453055706747
  0.50636462549624461  0.51643979549271757  0.52633294200592950  0.53598059778088347
  0.54567275306851126  0.55556680065745001  0.56577224022720152  0.57629991938089919
  0.58671679542635435  0.59693341772585928  0.60697225466005122  0.61694339335801274
  0.62698189520638470  0.63699187199423568  0.64694313053664876  0.65689987717335896
  0.66686136042168520  0.67710407356744695  0.68762124035007410  0.69822641050728651
  0.70875631400875483  0.71919639022497295  0.72963114160608245  0.74006242515152099
  0.75030881710097064  0.76041352037062293  0.77058565107958565  0.78089896154370220
  0.79122966473576184  0.80155474991569353  0.81204848700718246  0.82246851943304378
  0.83281743525023932  0.84322727734753522  0.85378917626573891  0.86416272138226513
  0.87438640121507705  0.88470385652162276  0.89513947369470370  0.90537138649429072
  0.91553290289499933  0.92637663297593087  0.93740744874753712  0.94840558778849660
  0.95930052057560089  0.97024714505018317  0.98113841483097897  1.00000000000000000
 -0.00237440267801496  0.00995753768562327  0.02063350662560957  0.03111021580191556
  0.04143490188991618  0.05166628285956822  0.06181591675382569  0.07208274487644953
  0.08219642710043833  0.09271223073169345  0.10342010334756944  0.11364213657886109
  0.12424336009227469  0.13504171210550300  0.14565313058797069  0.15595270848534012
  0.16604335582672272  0.17709831259172207  0.18825561715992578  0.19985967803551641
  0.21129739225245708  0.22291602321259943  0.23426723646612493  0.24542820996186174
  0.25623951265330697  0.26731761110612712  0.27824843799983295  0.28926037199386828
  0.29973971600430882  0.31022553782273882  0.32089327615654095  0.33126178744448426
  0.34146204168008676  0.35152838025277044  0.36207805609177435  0.37292326951241511
  0.38378415074044553  0.39458101212171426  0.40525348114102600  0.41574009721059457
  0.42592084137341196  0.43599235712855561  0.44615695933198102  0.45646801929224129
  0.46696641568586261  0.47781042422256498  0.48894392508165935  0.50011232024922248
  0.51077285309118214  0.52144311180286962  0.53216164771762198  0.54277760386075635
  0.55317765550124742  0.56338375177582256  0.57341689250752637  0.58334927204940512
  0.59329227684280594  0.60324293694999698  0.61329919016760537  0.62317503515924988
  0.63352362935940421  0.64374094787646885  0.65401699443831851  0.66445942044816420
  0.67544907962878986  0.68648845852807727  0.69702541659458883  0.70734135210504157
  0.71737135899096538  0.72754511315731474  0.73772187304994297  0.74797597965268969
  0.75860128983456809  0.76943826640038782  0.78050501965717156  0.79119247782765700
  0.80153696630570781  0.81171574630032295  0.82227217728821433  0.83289360942188695
  0.84349230101792194  0.85365898183396449  0.86373473405688861  0.87393133905821063
  0.88440243280528796  0.89495295262908203  0.90545801007495152  0.91605310268992401
  0.92656621667330996  0.93704122694306125  0.94757840339377608  0.95834510660462713
  0.96881457329893417  0.97922492416760765  0.98953384997504323  1.00000000000000000
 -0.00207144406744608  0.00995402483303824  0.02013082493330061  0.03073753409521576
  0.04129873410993300  0.05193591888527987  0.06305698924393205  0.07423311225160131
  0.08532137233696396  0.09550352288533989  0.10609929445238649  0.11683544467038823
  0.12801609906474598  0.13968544595688967  0.15084796602684433  0.16223787563841380
  0.17313849306889856  0.18394146449165144  0.19439733908670814  0.20473563818661764
  0.21489545383580902  0.22484895056597748  0.23536334523476851  0.24636165690474723
  0.25710524807669777  0.26749135675152275  0.27865240114779638  0.29006595363006060
  0.30066344428099145  0.31133018588424188  0.32269714993505016  0.33389210060890750
  0.34425070983536971  0.35451595849651651  0.36513112297154260  0.37585262763256205
  0.38655333051152529  0.39741996021432913  0.40833288896869602  0.41881766639581908
  0.42906815210740518  0.43930688087024589  0.44965213948750388  0.45981372402217019
  0.46979664821642786  0.47990571125198772  0.49007739943074358  0.50032717810419991
  0.51001572345661561  0.51977604407711742  0.52953649705701178  0.53945166810450895
  0.54953717316180972  0.55986023780607996  0.57063805537784418  0.58140240738484927
  0.59189974309456361  0.60210441308403528  0.61230224142325673  0.62242262816989369
  0.63266916321621702  0.64282417979958661  0.65355362904254533  0.66407954375147349
  0.67499350745116227  0.68569277788926464  0.69656879178400533  0.70757009041969154
  0.71801983573809813  0.72847550193762123  0.73874778402590824  0.74905767920390864
  0.76024719849760358  0.77143345873133162  0.78254455094569120  0.79328147827056927
  0.80374907077830615  0.81404126706395707  0.82413385132597861  0.83406216140140055
  0.84429446939660835  0.85437695464307306  0.86508069516476416  0.87585018900193268
  0.88632800092651987  0.89684561894650761  0.90734387829707541  0.91831391901246195
  0.92881884533601133  0.93923248498935963  0.94924520167572124  0.95938633458004940
  0.96944743688522372  0.97960748992569169  0.98973707911294173  1.00000000000000000
 -0.00233345937902881  0.00799762024076947  0.01744048614711475  0.02689288701925392
  0.03652894085376195  0.04606477756627240  0.05548315298418021  0.06480786292156589
  0.07414983702756647  0.08354182526382532  0.09329975383062185  0.10315465996734448
  0.11335247341119614  0.12344750222909623  0.13368845343051142  0.14408628956736472
  0.15454666082991220  0.16512020774716710  0.17575871850082050  0.18656552221901654
  0.19739881665174491  0.20814062202210301  0.21876321844925359  0.22945412607343635
  0.24017218119872921  0.25063153462325805  0.26068337347118403  0.27094709637490955
  0.28172198121444852  0.29315555355350087  0.30459903300548158  0.31602612530970881
  0.32734633496216864  0.33861795254940263  0.34995877895836491  0.36098304237107054
  0.37197047958038976  0.38289875701048537  0.39377263326110684  0.40452014230437860
  0.41529785118732043  0.42621335094572160  0.43710705443043291  0.44837045273432080
  0.45963513877395940  0.47083648881843798  0.48205900290640802  0.49324079778799945
  0.50420627864111900  0.51497567936354183  0.52573529218120207  0.53681600454469791
  0.54812591396583532  0.55984141479830796  0.57128098085033330  0.58267799495287376
  0.59377111567270402  0.60491382283218120  0.61606406963922833  0.62735225107197234
  0.63846512517937792  0.64935088968928312  0.65997639317388257  0.67043636801646900
  0.68080417244704527  0.69131432380944835  0.70186749976738516  0.71241570272862764
  0.72299409653074354  0.73366293390563686  0.74441894217641502  0.75524710737240441
  0.76617423575152677  0.77721087327218918  0.78823997803057422  0.79909545270826043
  0.80970352604487639  0.82008063273683518  0.83038835602363326  0.84063334937367629
  0.85094234164797444  0.86120377456507013  0.87141145545182797  0.88124592442516647
  0.89065870590683360  0.90001971316120055  0.90957118741887555  0.91923632243379461
  0.92921230556606782  0.93938688199823828  0.94999599962790704  0.96042798205671354
  0.97042199086981729  0.98027160047425022  0.99023863238543031  1.00000000000000000
 -0.00286216210285722  0.01098204670320369  0.02199170535851556  0.03267148079825926
  0.04314435963821716  0.05377075839212374  0.06411325055388520  0.07442914570278691
  0.08490928150915980  0.09584471685438059  0.10670833101355651  0.11753864826800345
  0.12795404120196560  0.13812003086827382  0.14805280882896360  0.15806313387335061
  0.16792068721063660  0.17816911983093808  0.18853882805989650  0.19941516569870307
  0.21011425779208884  0.22061329213088779  0.23132500676731907  0.24194192370033774
  0.25255959690150537  0.26299630199914636  0.27318758729158177  0.28368124054994076
  0.29385696943248374  0.30402630679504206  0.31405708203779914  0.32447329943706393
  0.33512960901954725  0.34558992730946247  0.35599407006389372  0.36653674749931775
  0.37725064454149781  0.38787849470022789  0.39827779670287322  0.40871469885404255
  0.41912150992760466  0.42942469718690884  0.43957951206603374  0.44999542876746434
  0.46050555419191080  0.47136644113165993  0.48184052855886000  0.49250526980675791
  0.50308290921977172  0.51366795960339529  0.52393036934206105  0.53455223649953021
  0.54533757051343978  0.55629642989645178  0.56684645979321013  0.57716404284145317
  0.58720366436740179  0.59733636046636607  0.60779069723159496  0.61852684315129647
  0.62934174931937104  0.64011110354629919  0.65101183301682697  0.66206793386279261
  0.67300477306585804  0.68378773380893643  0.69424400561889088  0.70469904810150963
  0.71469047967846877  0.72489032251186991  0.73487904927729919  0.74519896854776213
  0.75530783328560425  0.76546720573163629  0.77587495816622143  0.78644528054543394
  0.79697127850111815  0.80754789727308374  0.81851376253380692  0.82989878570629361
  0.84105039748083354  0.85194592448637896  0.86272922827126841  0.87339535702037807
  0.88377188687660002  0.89388453930453904  0.90438945392406622  0.91499746976029561
  0.92544786712223559  0.93598897410266735  0.94632320388705027  0.95677299141523553
  0.96727864405605657  0.97817166976583381  0.98906685468035349  1.00000000000000000
  0.00036734804385116  0.04978750496127528  0.06600622981758528  0.07710610109416816
  0.08649380848336069  0.09503806323412294  0.10306408407831247  0.11070986983613111
  0.11808922376865776  0.12532264121360676  0.13232630998901204  0.13915759793901017
  0.14590799379797983  0.15257136125712548  0.15918484438314687  0.16570220055459634
  0.17199906201511364  0.17816602790780825  0.18434170410341541  0.19050640569396138
  0.19662939677445729  0.20274628781879642  0.20890679351899807  0.21509834067855010
  0.22132253100486760  0.22753849949707358  0.23373200395551300  0.23995534769934967
  0.24610989681849296  0.25237931490361543  0.25884708642038123  0.26527964088729838
  0.27150885728087421  0.27755816244523629  0.28350201289985344  0.28944600389827951
  0.29534690413315756  0.30128150839095935  0.30726274543047966  0.31325469577684389
  0.31933415684570754  0.32548395401148295  0.33175577851562404  0.33820937325227385
  0.34476073531406370  0.35126927690757931  0.35785321613622340  0.36463910856856219
  0.37141794694710756  0.37799830353077812  0.38445580552241193  0.39093298552903805
  0.39750494854143237  0.40416229474473342  0.41082990175358369  0.41748381767824017
  0.42412909789053799  0.43089538088960810  0.43787061658512638  0.44494204490004768
  0.45210009940589602  0.45943566911532674  0.46704897434789278  0.47480437341374870
  0.48256621519570214  0.49048909766903659  0.49846126371586080  0.50656345413621551
  0.51480767421719065  0.52330433155346134  0.53187031479370228  0.54040315877632283
  0.54928016300223759  0.55836525261539816  0.56771457315801810  0.57729646545950475
  0.58689551248105731  0.59665367014883608  0.60651630352340913  0.61676655601562080
  0.62728892716850482  0.63829191973751120  0.64967934828368323  0.66153252674243546
  0.67387163846786469  0.68678271804326430  0.70038800884237939  0.71500858454306404
  0.73137455503068227  0.74962107675692047  0.76978216349947126  0.79194883191895760
  0.81632385089546311  0.84671351276992790  0.89155049369211448  1.00000000000000000
 -0.02087417384097798  0.12964430326206680  0.16769842635245075  0.19029811264132465
  0.20824165423499957  0.22291150668237697  0.23577088975613747  0.24754633886682723
  0.25821711399206648  0.26806206623006179  0.27705080963888012  0.28545585467328594
  0.29366364570026565  0.30157688511617126  0.30931995633183834  0.31667072522159023
  0.32367113688694915  0.33051602742531033  0.33731534342424641  0.34413784556643739
  0.35097524097477484  0.35765411506182215  0.36407726153952658  0.37033406200122598
  0.37639678424454887  0.38219081694374979  0.38792705788265608  0.39364147496326596
  0.39920922593379354  0.40456895619897826  0.40982840493344391  0.41499680659623511
  0.42018370538291183  0.42547446150352947  0.43082858113077771  0.43613882938028620
  0.44138104183061466  0.44652252158937017  0.45164892032976633  0.45675651762720387
  0.46190511521105204  0.46708846086996075  0.47221563039869929  0.47729932610926484
  0.48236086810702927  0.48734476387963116  0.49242442379831969  0.49755790639610481
  0.50267370039558668  0.50782909060913539  0.51303903847036936  0.51826811382696325
  0.52344828438047564  0.52853112978028705  0.53357917774073360  0.53865730402373424
  0.54381329823638591  0.54904821456053299  0.55431818497103869  0.55959417590637073
  0.56487520771672239  0.57031152039404642  0.57561800426242649  0.58105579605574520
  0.58648991762997760  0.59196142274251529  0.59744635159873161  0.60301776893723325
  0.60870808142762300  0.61454139763972304  0.62048669264435452  0.62650517957699670
  0.63259860107480115  0.63869733671513396  0.64485188277183025  0.65121291684919447
  0.65779837032825328  0.66442349977067960  0.67124169285300184  0.67833683192633709
  0.68556966402456865  0.69304981499355256  0.70069451155679485  0.70852271248321108
  0.71688071481577220  0.72534865120341785  0.73436928073841434  0.74404447637423921
  0.75455373769514300  0.76616457673343519  0.77877631661357738  0.79317365464929290
  0.81015257433659027  0.83116510283805944  0.87069052008574721  1.00000000000000000
   2.6951717565059744E-006  -1.0000000000000000     
 F F F F F F F F F F F F F F F F
  <DiscreteSampler_grid>
  grouped_processes
  1 # 1 for a reference and 2 for a running grid.
  10 # Attribute 'min_bin_probing_points' of the grid.
  1 # Attribute 'grid_mode' of the grid. 1=='default',2=='initialization'
  0.0000000000000000 # Attribute 'small_contrib_threshold' of the grid.
  0.5000000000000000 # Attribute 'damping_power' of the grid.
 # binID   n_entries weight   weight_sqr   abs_weight
    10   10   8.145378822052488E+007   9.952332037785916E+015   8.145378822052488E+007
    11   10   8.145378822052485E+007   9.952332037785910E+015   8.145378822052485E+007
  </DiscreteSampler_grid>
