 -0.00196224013407332  0.00838252248456789  0.01734504676661946  0.02659751471502977
  0.03586256743397725  0.04534054342660254  0.05485831982940925  0.06448960219486169
  0.07416282454563701  0.08386463093692346  0.09379793037589314  0.10378637403268401
  0.11365812207934106  0.12354526409634714  0.13339704448778081  0.14334318993114853
  0.15333864453545520  0.16337301199379950  0.17351792771513089  0.18367346056839212
  0.19420014952453263  0.20501613677920780  0.21591978554228164  0.22676272437686312
  0.23754641839207519  0.24841677777949006  0.25923705058834473  0.26999653419463399
  0.28078364050074467  0.29176193758598318  0.30282400319539604  0.31403053323652835
  0.32524680008245710  0.33633743971704749  0.34733989194525128  0.35847727907041788
  0.36987245384618278  0.38134908923744198  0.39264089761436682  0.40372675055726498
  0.41468325413698637  0.42563998373726342  0.43661299665638642  0.44757164737456751
  0.45854893823569248  0.46955251817949251  0.48079613242387664  0.49227386499976383
  0.50360128487567657  0.51464865220200362  0.52569715453047949  0.53673394687388798
  0.54779273171732945  0.55873216938014847  0.57026040401895206  0.58199745367207290
  0.59364359996283977  0.60523429933426820  0.61664086990245137  0.62783475931490706
  0.63848681906150884  0.64961100828519669  0.66106184277868463  0.67232265113613099
  0.68319352499195085  0.69424348857079254  0.70533349284412283  0.71623441322054282
  0.72729706084532297  0.73858003860626242  0.74974087465163031  0.76056051669566038
  0.77121527391324274  0.78178006165688718  0.79221170361678639  0.80261595095434279
  0.81294160185423914  0.82306483784074913  0.83303507058017678  0.84307973268156255
  0.85328821730135296  0.86342726374837730  0.87365039764007324  0.88400471746740694
  0.89429500698683251  0.90413987827027187  0.91374458400301817  0.92354894361141926
  0.93363208029946143  0.94368695275849757  0.95352203108335798  0.96323607534141487
  0.97256000936954667  0.98205146778651198  0.99099424402059744  1.00000000000000000
 -0.00239912876882843  0.00945587145562966  0.01942609251398360  0.02972831853955187
  0.04007946051423999  0.05024842657628820  0.06028618444577092  0.07050941530898268
  0.08080174070661053  0.09135323726779623  0.10205011434455695  0.11256069362259545
  0.12307765555710824  0.13392480561769493  0.14496336708303523  0.15590985854681969
  0.16622293337347369  0.17638249695031044  0.18652321329895671  0.19690178667184594
  0.20714452053690677  0.21729478274828520  0.22747459050768210  0.23798388504106258
  0.24874102643450036  0.25916866403254279  0.26946984294968901  0.27939608938522459
  0.28931928138429552  0.29934281721641132  0.30950610508257642  0.32014762313587120
  0.33105209465819274  0.34210447954912060  0.35311419840166319  0.36395391597875210
  0.37465913450332400  0.38537265847042751  0.39612681000071104  0.40722429670630728
  0.41830098517201864  0.42921556997662580  0.43981826509479616  0.44992310789078221
  0.46012862863870402  0.46990754684532082  0.47987486671056756  0.48980330408039036
  0.50003516877379617  0.51044004133767662  0.52089330040241244  0.53145815378014949
  0.54176446361086084  0.55210950689560234  0.56241228565565626  0.57313393369034304
  0.58420698750449418  0.59502638251033513  0.60593827889331719  0.61663725549747550
  0.62731852855804993  0.63779396287851742  0.64833490238951652  0.65903566054393603
  0.66962948674400957  0.68006930655374997  0.69029774011442857  0.70056129604294359
  0.71113995774982641  0.72185283215991614  0.73253952036426406  0.74300079178746470
  0.75347697822561055  0.76423486631136994  0.77488875339323904  0.78580052735700046
  0.79681789733787878  0.80794380797095500  0.81891357584714231  0.82975139282963806
  0.84032491776912432  0.85084264162239143  0.86124101666247199  0.87178437582792567
  0.88240951817887858  0.89315360049168258  0.90389927573719664  0.91467037077727975
  0.92535743194377751  0.93604813546587029  0.94670452615653644  0.95752212596649666
  0.96815654233849102  0.97884719215357630  0.98943118726790802  1.00000000000000000
 -0.00234649771423679  0.01693116266244066  0.03212789688824953  0.04550489146394763
  0.05759958350813478  0.06889777065454326  0.07954472453015475  0.08954046050051809
  0.09899247184252741  0.10825074991408574  0.11737122748836967  0.12639540997144949
  0.13529400253197166  0.14409418213753045  0.15291815518286095  0.16168969723235890
  0.17049179291121247  0.17924146105488545  0.18792418227260507  0.19655463870513432
  0.20507681735454950  0.21341384215972334  0.22162262639411665  0.22960199434797471
  0.23745780991368523  0.24533355376307886  0.25325448090799013  0.26114374521250622
  0.26899614029736540  0.27690162029898918  0.28486572645857305  0.29286504245062062
  0.30082281595096216  0.30860096012105148  0.31632732985396128  0.32417711263686921
  0.33219080323814409  0.34029787161907210  0.34828219014258727  0.35619437804402132
  0.36414205536286032  0.37212018430165461  0.38010057046258738  0.38819425315817746
  0.39625250121622152  0.40419474275053308  0.41200151375945843  0.41990456506276852
  0.42814583067604495  0.43644802106998776  0.44491376400481131  0.45342351398345787
  0.46187326362141812  0.47033280449840870  0.47880574225805644  0.48741387707137801
  0.49611457172202805  0.50471455754015881  0.51310354787465517  0.52136159425081430
  0.52961073084685917  0.53788197322391462  0.54631293561405747  0.55479184726522113
  0.56348733491668945  0.57227513862063384  0.58103027811773278  0.58991365075217461
  0.59867631407105304  0.60745597587266398  0.61631865388208507  0.62531994464786478
  0.63478293992158730  0.64437911857213603  0.65440475871702963  0.66470217034318813
  0.67508121519434516  0.68558399728464003  0.69635301021197538  0.70724219653354536
  0.71820382063945110  0.72929899364930550  0.74090565709577527  0.75284740201812761
  0.76506577043501012  0.77775287674640647  0.79100351111244360  0.80493530156049609
  0.81958923563211306  0.83521514785506867  0.85186887282491508  0.86994774019768228
  0.89030418888038632  0.91465510768618175  0.94714977029805680  1.00000000000000000
 -0.02040383438772470  0.13201239295404532  0.17964668127862607  0.21024636197341839
  0.23489514224791172  0.25567475196602718  0.27435868422922821  0.29125074944641305
  0.30680276731338296  0.32127141099166207  0.33487111125423180  0.34769928356717927
  0.35998073919859702  0.37171655761455924  0.38303319156484322  0.39396604236561655
  0.40439528189379997  0.41443887835743359  0.42402727712883764  0.43332640412382528
  0.44227130381854629  0.45095023075974705  0.45953001949966077  0.46790306673000093
  0.47603247673122850  0.48387644320603757  0.49144666139829052  0.49897005218294987
  0.50637406846221955  0.51369894665870885  0.52093834233927128  0.52798688878925804
  0.53487815991419341  0.54169405923221725  0.54834754523754325  0.55492387882985494
  0.56141588464521319  0.56786162775952798  0.57423426557945445  0.58058032923787584
  0.58681068646140799  0.59296673001961275  0.59908438999076119  0.60508772178088932
  0.61094621082537337  0.61673286906565461  0.62249290951411518  0.62821034189239788
  0.63381308448806195  0.63933085966986758  0.64486523546137031  0.65034286852368761
  0.65579817984547584  0.66121546179207347  0.66659030447990730  0.67193336324816288
  0.67724190983076471  0.68251494813224045  0.68777424820160016  0.69302712596072091
  0.69832365874625046  0.70367673578319079  0.70898584489008654  0.71418391256845948
  0.71929313843515663  0.72442545833776995  0.72958772183696574  0.73474191961086621
  0.73989674988290632  0.74507488299952684  0.75028995355291972  0.75553369536422488
  0.76084879035655884  0.76607385493117353  0.77137935947592362  0.77674873205456330
  0.78216893316800706  0.78767972353514892  0.79335022144962797  0.79914039947425064
  0.80496616889468264  0.81092494421970396  0.81716518319749420  0.82362363592973642
  0.83021893772591193  0.83709098833046569  0.84440541864362373  0.85199421032639866
  0.86011303883771084  0.86886620001546755  0.87834302235929029  0.88923252000141928
  0.90178760357397569  0.91788061266738685  0.94247283539141535  1.00000000000000000
   1.7251277369760096E-003  -1.0000000000000000     
 F F F F F F F F F F F F F F F F
  <DiscreteSampler_grid>
  grouped_processes
  1 # 1 for a reference and 2 for a running grid.
  10 # Attribute 'min_bin_probing_points' of the grid.
  1 # Attribute 'grid_mode' of the grid. 1=='default',2=='initialization'
  0.0000000000000000 # Attribute 'small_contrib_threshold' of the grid.
  0.5000000000000000 # Attribute 'damping_power' of the grid.
 # binID   n_entries weight   weight_sqr   abs_weight
    10   10   2.891878269223760E+008   8.613821734413685E+016   2.891878269223760E+008
    11   10   2.891878269223760E+008   8.613821734413683E+016   2.891878269223760E+008
  </DiscreteSampler_grid>
