  0.00021051100622278  0.00043586292663937  0.00044064112874781  0.00044541933085624
  0.00045019753296468  0.00045497573507312  0.00045975393718156  0.00046453213928999
  0.00046931034139843  0.00047408854350687  0.00047886674561531  0.00048364508658661
  0.00048842347721954  0.00049320186785247  0.00049798025848540  0.00050275864911834
  0.00050753703975127  0.00051231543038420  0.00051709382101713  0.00052187221165006
  0.00052682820093999  0.00053205060594673  0.00053727301095347  0.00054249541596021
  0.00054771782096695  0.00055294022597369  0.00055816263098044  0.00056338503598718
  0.00056860744099392  0.00057406234049597  0.00058295238593509  0.00059184243137421
  0.00060073247681332  0.00060962252225244  0.00061851256769155  0.00062745962531799
  0.00063717574553040  0.00064689186574281  0.00065660798595521  0.00066632410616762
  0.00067604022638002  0.00068582373488750  0.00069644268983306  0.00070706164477862
  0.00071768059972417  0.00072829955466973  0.00073891850961529  0.00074924466287575
  0.00075621571705417  0.00076318677123260  0.00077015782541102  0.00077712887958945
  0.00078409993376787  0.00079107098794630  0.00079804204212472  0.00080501309630315
  0.00081198415048157  0.00081902036736608  0.00082663918110253  0.00083425799483898
  0.00084187680857544  0.00084949562231189  0.00085711443604834  0.00086473324978479
  0.00087235206352125  0.00087997087725770  0.00088758969099415  0.00089509597908140
  0.00090178427738275  0.00090847257568410  0.00091516087398545  0.00092184917228680
  0.00092853747058815  0.00093522576888951  0.00094191406719086  0.00094860236549221
  0.00095529066379356  0.00096197896209491  0.00096866726039627  0.00097535555869762
  0.00135853127922939  0.00217532821381795  0.00348895841312426  0.00559154712667584
  0.00895470392746566  0.01435670577768465  0.02195235438264022  0.02198680798047163
  0.02198680798048163  0.02198680798049163  0.02198680798050163  0.02198680798051163
  0.02198680798052163  0.02198680798053163  0.02198680798054162  1.00000000000000000
 -0.00385715720666524  0.00206169572205561  0.00412339144411122  0.00618508716616682
  0.00824678288822243  0.01030847861027804  0.01237017433233364  0.01443187005438925
  0.01649356577644485  0.01855526149850046  0.02061695722055607  0.02305484897993091
  0.02553685225028090  0.02801885552063088  0.03050085879098086  0.03298286206133084
  0.03546486533168083  0.03794686860203082  0.04042887187238080  0.08480905419481902
  0.13309550388346258  0.21099829398786163  0.29951325105152143  0.38802820811518102
  0.47654316517884082  0.56505812224250040  0.64606006184662057  0.64865302351347487
  0.65124598518032917  0.65383894684718347  0.65643190851403777  0.65902487018089206
  0.66161783184774636  0.66421079351460066  0.66680375518145496  0.66939671684830926
  0.67198967851516356  0.67458264018201786  0.67717560184887216  0.67976856351572634
  0.68236152518258064  0.68495448684943494  0.68754744851628924  0.69014041018314354
  0.69273337184999784  0.69532633351685202  0.69791929518370632  0.70051225685056062
  0.70310521851741492  0.70569818018426922  0.70829114185112352  0.79171552040250759
  0.79287132980759245  0.79402713921267731  0.79518294861776218  0.79633875802284704
  0.79749456742793190  0.79865037683301676  0.79980618623810162  0.80096199564318649
  0.80211780504827135  0.80327361445335621  0.80442942385844107  0.80558523326352593
  0.80674104266861080  0.80789685207369566  0.80905266147878041  0.81020847088386527
  0.81136428028895013  0.81250864162709757  0.81300581564364316  0.81350298966018875
  0.81400016367673445  0.81449733769328003  0.81499451170982562  0.81549168572637121
  0.81598885974291691  0.81648603375946249  0.81698320777600808  0.81748038179255378
  0.81797755580909937  0.81847472982564495  0.81897190384219054  0.81946907785873624
  0.81996625187528183  0.82046342589182741  0.82096059990837300  0.82145777392491870
  0.82195494794146429  0.82245212195800987  0.82294929597455557  0.82344646999110116
  0.82394364400764675  0.82400185267130532  0.82400185267131532  1.00000000000000000
  0.07001149257024127  0.27193732190254116  0.27304131047174901  0.27414529904095691
  0.27524928761016476  0.27635327617937266  0.27745726474858057  0.27856125331778842
  0.27966524188699632  0.28076923045620422  0.28187321902541207  0.28297720759461997
  0.28408119616382782  0.28518518473303572  0.28628917330224363  0.28739316187145147
  0.28849715044065938  0.28960113900986723  0.29070512757907513  0.29184715685229379
  0.29324596223596811  0.29464476761964242  0.29604357300331668  0.29744237838699100
  0.29884118377066532  0.30023998915433964  0.30163879453801395  0.30303759992168822
  0.30443640530536253  0.30583521068903685  0.30723401607271117  0.30863282145638549
  0.31003162684005975  0.31143043222373407  0.33403092697286840  0.39383004016767437
  0.46706802745168441  0.55854474787320296  0.65002146829472152  0.70997133327692741
  0.71448933467209874  0.71900733606727008  0.72352533746244130  0.72804333885761263
  0.73117109395835855  0.73383880414334324  0.73650651432832792  0.73917422451331261
  0.74184193469829729  0.74450964488328197  0.74717735506826666  0.74984506525325123
  0.75251260841914924  0.75518014128684885  0.75784767415454846  0.76051520702224806
  0.76318273988994767  0.76585027275764728  0.76851780562534677  0.77122992702082638
  0.77423535653604181  0.77724078605125724  0.78024621556647267  0.78325164508168810
  0.78625707459690353  0.78926250411211896  0.79564840697653738  0.82652351257303047
  0.89627561440901726  0.89810078720838971  0.89992596000776215  0.90175113280713459
  0.90357630560650704  0.90540147840587948  0.90722665120525192  0.90905182400462448
  0.91087699680399692  0.91270216960336936  0.91452734240274181  0.91635251520211425
  0.91743333594912990  0.91835940091474000  0.91928546588035009  0.92021153084596019
  0.92113759581157029  0.92206366077718038  0.92298972574279048  0.92391579070840057
  0.92484185567401067  0.92576792063962077  0.92669398560523086  0.92762005057084096
  0.92854611553645106  0.92947218050206115  0.92976552645365396  1.00000000000000000
 -0.00363413188575179  0.02094624880297869  0.02266881055502576  0.02439137230707283
  0.02611393405911990  0.02783649581116697  0.02955905756321404  0.03128161931526111
  0.03300418106730818  0.03472674281935525  0.03644930457140232  0.03817186632344939
  0.03989442807549646  0.04161698982754353  0.04333958989444200  0.04506219109911194
  0.04678479230378188  0.04850739350845182  0.05022999471312176  0.05195259591779169
  0.05367519712246163  0.05539779832713156  0.05712039953180150  0.05884300073647144
  0.06056560194114138  0.06228820314581131  0.06401080435048125  0.06573340555515118
  0.06745600675982112  0.06917860796449106  0.07090120916916100  0.07262381037383094
  0.07434641157850087  0.07606901278317081  0.07779161398784075  0.07951421519251067
  0.08123681639718061  0.08295941760185055  0.16683654523572286  0.21056106996384918
  0.21420758860670316  0.21785410724955717  0.22150062589241118  0.22514714453526516
  0.22879366317811917  0.23244018182097312  0.23608670046382707  0.23973321910668105
  0.24337973774953500  0.24702625639238895  0.25067277503305774  0.25431929366406769
  0.25796581229507765  0.26161233092608766  0.26525884955709761  0.26890536818810756
  0.29896852768715632  0.39497955242902949  0.50163357686731025  0.60828760130559112
  0.71494162574387166  0.82159565018215241  0.83817444056781065  0.84361421587196550
  0.84905399117612035  0.85449376648027509  0.85993354178442982  0.86537331708858456
  0.87081309239273930  0.87625286769689403  0.88169264300104877  0.88713241830520351
  0.89257219360935824  0.93752197953405136  0.93975800771681628  0.94199403589958131
  0.94423006408234622  0.94646609226511125  0.94870212044787616  0.95093814863064119
  0.95317417681340610  0.95541020499617113  0.95764623317893605  0.95937013376117830
  0.96086685596783061  0.96236357817448304  0.96386030038113535  0.96535702258778777
  0.96685374479444008  0.96835046700109251  0.96984718920774482  0.97134391141439724
  0.97284063362104956  0.97433735582770198  0.97554171482721963  1.00000000000000000
  0.06129717429478963  0.35495967241549303  0.38738370859028465  0.40063644839223922
  0.40586531054040953  0.41109417268857984  0.41632303483675021  0.42155189698492046
  0.42678075913309071  0.43200962128126097  0.43723848342943122  0.44246734557760153
  0.44769620772577179  0.45292506987394204  0.45815393202211230  0.46170850086001514
  0.46520358405679124  0.46869866725356729  0.47219375045034334  0.47568883364711945
  0.47918391684389550  0.48267900004067155  0.48617408323744754  0.48966916643422359
  0.49316424963099964  0.49665933282777563  0.50015441602455168  0.50364949922132773
  0.50714458241810378  0.51063966561487983  0.51413474881165577  0.51762983200843182
  0.52949090167249624  0.60200893448195880  0.64669261772397413  0.64882789018226150
  0.65096316264054876  0.65309843509883614  0.65523370755712340  0.65736898001541078
  0.65950425247369804  0.66163952493198541  0.66377479739027268  0.66591006984856005
  0.66804534230684731  0.67018061476513457  0.67231588722342184  0.67445115968170921
  0.67658643213999647  0.67872170459828374  0.68085697705657111  0.68299224951485837
  0.68512752197314564  0.68726279443143290  0.68939806688972027  0.69153333934800754
  0.69366861180629480  0.69580388426458206  0.69793915672286944  0.70007442918115670
  0.70220970163944396  0.70434497409773134  0.70648024655601860  0.72204766350595084
  0.82582270765601562  0.92959775180608062  0.93901673344367365  0.94065848258128204
  0.94230023171889044  0.94394198085649883  0.94558372999410722  0.94722547913171562
  0.94886722826932401  0.95050897740693241  0.95215072654454080  0.95379247568214920
  0.95543422481975759  0.95707597395736599  0.95863756099842679  0.95993693355369836
  0.96123630610897004  0.96253567866424161  0.96383505121951329  0.96513442377478487
  0.96643379633005644  0.96773316888532812  0.96903254144059969  0.97033191399587126
  0.97163128655114295  0.97293065910641452  0.97423003166168609  0.97552940421695777
  0.97682877677222935  0.97812814932750103  0.98272318045298268  1.00000000000000000
  0.08156931002934766  0.08795391186069071  0.09257449038804817  0.09719506891540564
  0.10181564744276309  0.10676952610871843  0.11206866785371335  0.11736780959870825
  0.12266695134370317  0.12796669379596384  0.13326690874832389  0.13856712370068394
  0.14386733865304399  0.16819295254210298  0.17173749849883052  0.17528204445555809
  0.17882659041228563  0.18237113636901320  0.18591568232574074  0.18946022828246831
  0.19300477423919588  0.19654932019592342  0.20009386615265098  0.20363841210937852
  0.20718295806610609  0.21072750402283369  0.21427204997956126  0.21781659593628885
  0.22136114189301645  0.22490568784974405  0.22845023380647164  0.31291900879503193
  0.41788794586531502  0.52285688293559796  0.62505833357368523  0.62722521370493978
  0.62939209383619443  0.63155897396744898  0.63372585409870352  0.63589273422995818
  0.63805961436121272  0.64022649449246738  0.64239337462372192  0.64456025475497658
  0.64672713488623113  0.64889401501748578  0.65106089514874033  0.65322777527999498
  0.65539465541124964  0.65756153554250418  0.65972841567375884  0.66189529580501349
  0.66406217593626804  0.66622905606752270  0.66839593619877735  0.67056281633003190
  0.67272969646128644  0.67489657659254110  0.67706345672379564  0.67923033685505030
  0.68139721698630484  0.68356409711755950  0.68573097724881404  0.70677317791556526
  0.75045744467436626  0.75212406485493555  0.75379068503550495  0.75545730521607424
  0.75712392539664353  0.75879054557721293  0.76045716575778222  0.76212378593835151
  0.76379040611892079  0.76545702629949020  0.76712364648005948  0.76879026666062877
  0.77045688684119806  0.77185475333749620  0.77317420296434547  0.77449365259119474
  0.77581310221804400  0.77713255184489327  0.77845200147174254  0.77977145109859181
  0.78109090072544107  0.78241035035229034  0.78372979997913961  0.78504924960598887
  0.78636869923283814  0.78768814885968741  0.78900759848653668  0.79032704811338594
  0.79164649774023521  0.89503106292971435  0.93640536467234292  1.00000000000000000
 -0.00033343235651652  0.03093364306078079  0.04943207737049733  0.06793056632431002
  0.09751579614994230  0.18226311403890147  0.26701043192786056  0.35175774981681990
  0.43650506770577902  0.52125238559473808  0.56394403103850710  0.56675733199601230
  0.56957063295351762  0.57238393391102294  0.57519723486852825  0.57801053582603346
  0.58082383678353877  0.58363713774104409  0.58645043869854940  0.58926373965605472
  0.59207704061356003  0.59489034157106535  0.59770364252857067  0.60051694348607598
  0.60333024444358130  0.60614354540108650  0.60895684635859182  0.61177014731609713
  0.61458344827360245  0.61739674923110766  0.62021005018861297  0.62302335114611829
  0.64590110420915658  0.64721544110683760  0.64852977800451861  0.64984411490219962
  0.65115845179988063  0.65247278869756165  0.65378712559524266  0.65510146249292367
  0.65641579939060468  0.65773013628828569  0.65904447318596671  0.66035881008364783
  0.66167314698132884  0.66298748387900985  0.66430182077669087  0.66561615767437188
  0.66688994099288101  0.66800224821761833  0.66911455544235565  0.67022686266709297
  0.67133916989183029  0.67245147711656772  0.67356378434130504  0.67467609156604236
  0.67578839879077968  0.67690070601551700  0.67801301324025431  0.67912532046499163
  0.68023762768972895  0.68134993491446627  0.68246224213920359  0.68357454936394091
  0.68468685658867823  0.68579916381341555  0.68691147103815287  0.68790826348323475
  0.68877526094031238  0.68964225839739013  0.69050925585446776  0.69137625331154551
  0.69224325076862314  0.69311024822570089  0.69397724568277852  0.69484424313985627
  0.69571124059693390  0.69657823805401164  0.69744523551108928  0.69831223296816702
  0.69917923042524466  0.70004622788232240  0.70091322533940004  0.70178022279647778
  0.70264722025355542  0.70351421771063316  0.70438121516771079  0.70524821262478854
  0.70611521008186617  0.70698220753894392  0.70784920499602155  0.74575804633311571
  0.83050536422207477  0.90196938796136350  0.90241617361704507  1.00000000000000000
   6.5844050941467166E-009  -1.0000000000000000     
 F F F F F F F F F F F F F F F F
  <DiscreteSampler_grid>
  grouped_processes
  1 # 1 for a reference and 2 for a running grid.
  10 # Attribute 'min_bin_probing_points' of the grid.
  1 # Attribute 'grid_mode' of the grid. 1=='default',2=='initialization'
  0.0000000000000000 # Attribute 'small_contrib_threshold' of the grid.
  0.5000000000000000 # Attribute 'damping_power' of the grid.
 # binID   n_entries weight   weight_sqr   abs_weight
    10   10   2.743850695436824E+003   1.378366157087297E+007   2.743850695436824E+003
  </DiscreteSampler_grid>
