  0.00964343128704252  0.01570920467657890  0.02506355050385570  0.03582801538068248
  0.04633038782241186  0.05687905657669137  0.06744432639027893  0.07802384172605896
  0.08862701802777974  0.09930972297745233  0.10994092547357513  0.12041428136837661
  0.13093488413170887  0.14164599260985419  0.15229614638270175  0.16285499897619696
  0.17346888274388853  0.18402377992237887  0.19440783369389797  0.20472985200881583
  0.21516021161845320  0.22556540835366298  0.23599113236131719  0.24627457470881015
  0.25654752614070925  0.26680338341217558  0.27723341935021845  0.28762183914453615
  0.29806426301295169  0.30857435337773581  0.31907757641519163  0.32942504621513824
  0.33971365178921997  0.35017041487812939  0.36072779169341945  0.37132247626242598
  0.38188126237343012  0.39239390846937683  0.40292083193993705  0.41351540949158100
  0.42417342357283999  0.43451541479792510  0.44483407532040209  0.45516055923596577
  0.46564675094486596  0.47618448170311811  0.48685826747463523  0.49759397814727158
  0.50807718711553373  0.51856183588289606  0.52925351662909115  0.54015965364592955
  0.55095676066710975  0.56159699250724138  0.57230737485112870  0.58304556691585052
  0.59371444664285278  0.60452354780364137  0.61535063413637836  0.62627846250293306
  0.63741166347653588  0.64867985855375532  0.65977352420689139  0.67064998965226397
  0.68123655205291611  0.69173988498067740  0.70206556511071982  0.71253534289555420
  0.72300228568879910  0.73349777026536733  0.74399353257386802  0.75463735304109802
  0.76514641550341900  0.77559334862816798  0.78599707047535616  0.79648243730576951
  0.80714776670612631  0.81801218688778499  0.82907587578332986  0.84002823738745536
  0.85069284306433546  0.86126439630464624  0.87179712747193305  0.88229555516787694
  0.89261720042414294  0.90282263721524381  0.91307401274096167  0.92338434025337213
  0.93372263800237665  0.94411500499438161  0.95459451318504152  0.96507676247160823
  0.97556501541101071  0.98754048387913107  0.99009378169623286  1.00000000000000000
 -0.00236876045870176  0.00947558205200378  0.01999492616938532  0.03116429512678674
  0.04229367583475179  0.05302949838654025  0.06349095414761907  0.07389162200288958
  0.08427747497122226  0.09452482073489542  0.10480075851819362  0.11499474520740853
  0.12523808714183438  0.13552378445767954  0.14597976333686793  0.15631359242749793
  0.16672154656505669  0.17723999832255913  0.18775363931794117  0.19802619432403579
  0.20823330149500316  0.21851509604857666  0.22878699775349534  0.23906284343404455
  0.24931719614595654  0.25959838170222976  0.26996772274484782  0.28047731172640566
  0.29092799364267374  0.30129096892437890  0.31157440890486454  0.32183778246354866
  0.33211138518565242  0.34248641389978984  0.35302221011686419  0.36376033463088620
  0.37466208692421910  0.38554819582828498  0.39639549800419871  0.40728546288879497
  0.41802105643789411  0.42848536669697784  0.43871805753460735  0.44910238331481034
  0.45950189960252913  0.47004117862649847  0.48061809669739441  0.49127610262755456
  0.50203734768590380  0.51274893457867821  0.52347155682195134  0.53434843623886796
  0.54530436100441515  0.55609136909859180  0.56660692432203241  0.57695044961681641
  0.58748442822470870  0.59791291805928881  0.60820341018409851  0.61839953804538406
  0.62868565814651878  0.63915780281166412  0.64940137597542513  0.65960597042256153
  0.66980956570932171  0.68041974619329493  0.69089799113321382  0.70138807604661713
  0.71172928950960812  0.72245107030816136  0.73333850189781469  0.74430810337454467
  0.75517090179392532  0.76618752885579755  0.77738225493473867  0.78852030848339405
  0.79921044103303995  0.80987834746446652  0.82050268995934117  0.83117362731187305
  0.84177191393963857  0.85229210828126711  0.86277826473219288  0.87302756958697902
  0.88363195620952073  0.89404969703784753  0.90491325151626623  0.91563177665905771
  0.92622653013886380  0.93647960342871750  0.94656102254105745  0.95674768835837687
  0.96738980825566734  0.97807406583405121  0.98898940103811961  1.00000000000000000
 -0.00244804801903154  0.00983630475899304  0.02052927447107850  0.03106261192275707
  0.04158221864287279  0.05158162386961080  0.06162079523017105  0.07132177698432914
  0.08098569050516738  0.09123350440999051  0.10120993271092225  0.11155129564332468
  0.12161975112863997  0.13229613283604771  0.14318057293087430  0.15415677145593884
  0.16511606694054401  0.17595703357557743  0.18677406298617630  0.19770112448066693
  0.20850107657874334  0.21937614870133276  0.23016820230751059  0.24082736039237421
  0.25123681107952917  0.26171863800709577  0.27218132417604185  0.28290317212941452
  0.29350260109960047  0.30444284364894375  0.31529007410088361  0.32610292872760083
  0.33664685329727007  0.34719070654954959  0.35795067560947952  0.36888967254040561
  0.37978930891146179  0.39064323813991164  0.40136003932379560  0.41187808260144015
  0.42233940632013378  0.43252161420423901  0.44275027515693749  0.45313288129406482
  0.46388705605576402  0.47498152329730403  0.48579707151719520  0.49629709885322570
  0.50650262764778398  0.51666546683894587  0.52680405409575892  0.53699615995323402
  0.54728431176638537  0.55780456581723159  0.56861529168917035  0.57934411604938318
  0.58972628753105916  0.59980673732015022  0.61002445538417793  0.62038928979081565
  0.63076797404231355  0.64134011454558626  0.65200730124758266  0.66254821906475669
  0.67302863861018591  0.68348729558086274  0.69412698796646599  0.70477454682604357
  0.71570003608641886  0.72671344513012892  0.73748994942170609  0.74763299440146358
  0.75770181629868816  0.76781762478464144  0.77821356592173385  0.78872115488118311
  0.79929651501740184  0.81000417947483694  0.82072552803729115  0.83138722540440946
  0.84202793918840990  0.85246071604333884  0.86272275194133408  0.87308555355477313
  0.88356490059013759  0.89439702095772644  0.90493993522172789  0.91534759044092018
  0.92556679203208436  0.93575768330811759  0.94625638679245772  0.95673354278068345
  0.96731297402917849  0.97790482098467990  0.98877201477775400  1.00000000000000000
  0.01647141041161734  0.04296218219941828  0.06290535170841136  0.07966063654259589
  0.09458811371222420  0.10852308747597539  0.12201517880994721  0.13455918504146461
  0.14635647814091535  0.15742764982695220  0.16809714778607943  0.17859961763706222
  0.18898469948438840  0.19937414472737869  0.20961889772111666  0.21978464049324456
  0.22961269071544577  0.23895415588030641  0.24807283206595906  0.25716767610638019
  0.26643110710245904  0.27586790842814501  0.28527776735963062  0.29452638967199563
  0.30366645209828874  0.31276671610963236  0.32185403092831433  0.33077890457669296
  0.33936204566054351  0.34779212324240050  0.35622255159144872  0.36464896906897720
  0.37316141897232802  0.38163209265293441  0.39000694510459805  0.39840958215430855
  0.40684057967542697  0.41532966034859792  0.42382682599515947  0.43234871299268179
  0.44094907196803468  0.44920087886794635  0.45753905985952581  0.46562731280454273
  0.47379830317664495  0.48201761131994664  0.49025407020670470  0.49864167858912017
  0.50722853974484328  0.51586584086799681  0.52434418239097635  0.53259486688389279
  0.54071185110788800  0.54878537791466753  0.55688943698938465  0.56507280292701767
  0.57324716279398291  0.58138078504764346  0.58955979383406909  0.59775717609895085
  0.60590018005305868  0.61408394069865935  0.62243850186557936  0.63104827173248346
  0.63963102184414911  0.64816994365652314  0.65669882965425597  0.66527533302997988
  0.67409121394833038  0.68300200037581826  0.69195886971883136  0.70091122099839254
  0.70982414859349641  0.71873613980695050  0.72780066410952093  0.73686295790234035
  0.74594368466527994  0.75511809764394144  0.76437474669944117  0.77377181369950465
  0.78331280172980666  0.79286474370484927  0.80267737304718501  0.81268880447747127
  0.82299144843113559  0.83360584370124580  0.84484544722604005  0.85662086563518125
  0.86898785705114834  0.88231918885400362  0.89674665943919551  0.91196694667008793
  0.92814512673390059  0.94594537521798572  0.96859643905365500  1.00000000000000000
 -0.00232220841698492  0.00954995202346308  0.01972788094259295  0.03058028239751567
  0.04146205603336744  0.05219517351250774  0.06281953322305654  0.07338973502948691
  0.08402247116118901  0.09454656959575973  0.10513155384586492  0.11566016192965267
  0.12630469941652209  0.13691802125617702  0.14746970044121574  0.15773299634444699
  0.16798021478122341  0.17813249362842579  0.18825409111051863  0.19833516145006966
  0.20867809330735052  0.21939980283501756  0.23005269969614975  0.24085770720321120
  0.25150815668466298  0.26244539731973343  0.27315626787005604  0.28369340175097985
  0.29423641707220882  0.30444377877241691  0.31449909529795866  0.32451394062373012
  0.33464035228380912  0.34501956111963505  0.35525825561374347  0.36574389756174941
  0.37620868413277003  0.38654733582123008  0.39689481786943648  0.40739524111704950
  0.41808869253159542  0.42882440664344451  0.43954530963526273  0.45009242379002362
  0.46062772661306783  0.47108419603427665  0.48157204715479973  0.49200451614870749
  0.50242174122547145  0.51309053885075095  0.52359126612887308  0.53430232622774398
  0.54485309352805877  0.55563555726956426  0.56633378656332500  0.57701393334616857
  0.58776946608811675  0.59848486549592927  0.60933036035515897  0.61983378915435039
  0.63013246600555095  0.64015444110006847  0.65041168967037288  0.66079010714264963
  0.67145598919313576  0.68212755047919960  0.69271123097328324  0.70334999654939978
  0.71371168682531050  0.72442303615377401  0.73487396793160153  0.74543349702990225
  0.75578020766963550  0.76625973867358255  0.77663304202581562  0.78705465340861658
  0.79733452041551067  0.80794328152039874  0.81864635713250122  0.82975042097353824
  0.84035824014478133  0.85062872880699170  0.86098792694282622  0.87175718326678775
  0.88243458916139750  0.89286925272440831  0.90354556777086592  0.91456529720959934
  0.92590014734493875  0.93678946643416761  0.94759665109434554  0.95801967485877992
  0.96847175472050817  0.97894527645350671  0.98948160299215793  1.00000000000000000
  0.20563094807603702  0.21763959639562769  0.22711451109693578  0.23640451882833349
  0.24561938571955599  0.25484306718849153  0.26434181320771960  0.27400086829390735
  0.28375451026317100  0.29341603827410373  0.30287262852230723  0.31228500158614525
  0.32181543763701437  0.33138485797017303  0.34083343825665152  0.34998414952953627
  0.35914048383641911  0.36831687057500517  0.37765480663233914  0.38718451514344498
  0.39649152308256735  0.40557343936571039  0.41461074215409344  0.42377822966764417
  0.43309313426880752  0.44206704921420870  0.45079099753787294  0.45931130182086755
  0.46772170828406223  0.47618828380731643  0.48466407842659431  0.49300504355490543
  0.50123091075332593  0.50958322835974124  0.51786710460445673  0.52618604982899186
  0.53447099732612768  0.54270695552096404  0.55082797883741708  0.55892048161968300
  0.56711557283797531  0.57531981711036528  0.58345475164844529  0.59153023287505568
  0.59952832515448928  0.60761307795246811  0.61583588748881346  0.62403827116212585
  0.63225529320148277  0.64038770153292190  0.64853234490815348  0.65665253798586520
  0.66462589786851778  0.67247919510822285  0.68031682409970318  0.68820643345925825
  0.69596633780735739  0.70373998603428956  0.71158653545791239  0.71950709205931473
  0.72723516432641611  0.73470971210090086  0.74216987513374610  0.74970424689324844
  0.75716858393792930  0.76453097554765070  0.77194429284251664  0.77940602143238524
  0.78682875567851862  0.79416420865060355  0.80154188678480498  0.80895303031778709
  0.81641622825484284  0.82382674825437852  0.83116637802203519  0.83847713309487981
  0.84572306256753671  0.85297381876210421  0.86033715182102033  0.86781236940411755
  0.87541095592825990  0.88318949174246664  0.89106745135817633  0.89893070548409448
  0.90678938386750152  0.91456619497929403  0.92221125044836116  0.92998644233112104
  0.93779615525224769  0.94565634286322264  0.95356173871678274  0.96173112030590679
  0.97018687480470289  0.97896082590374289  0.98899327235014156  1.00000000000000000
 -0.01641762511637075  0.09250324552731268  0.12670849133939352  0.14836775949297645
  0.16640609876589654  0.18202775725549822  0.19605290998900995  0.20884339896496898
  0.22063052683745366  0.23162917193060265  0.24188020090866300  0.25169388766932499
  0.26102245316874428  0.27012790638243273  0.27886911959711952  0.28738998866358428
  0.29573104146739981  0.30382710995615686  0.31178493317300143  0.31943177842807047
  0.32696406488496704  0.33433777616523125  0.34155572261141404  0.34866989632511064
  0.35560001489358983  0.36231228934750231  0.36891903077009913  0.37548611735002918
  0.38198552550143816  0.38845474307921302  0.39491122291375463  0.40122323701389406
  0.40742435524186232  0.41354360979983840  0.41956201219250261  0.42560000987695212
  0.43162469927376412  0.43758238707036784  0.44348881654514932  0.44930658365111198
  0.45512776126116050  0.46101286557916082  0.46693213955942325  0.47284675080858340
  0.47875798256901414  0.48468440894061876  0.49062502716186546  0.49654361582305395
  0.50238391994459886  0.50817496880175161  0.51404250387613015  0.51995051877267784
  0.52586956157540765  0.53176307027406777  0.53763940933230536  0.54357197504521493
  0.54959512286772705  0.55566916965383439  0.56176415605510877  0.56788297236800467
  0.57398065568890255  0.58006979181567175  0.58619443753740552  0.59234104205747273
  0.59853437587859304  0.60471684267274795  0.61099881462011407  0.61731594205627971
  0.62374963140769979  0.63027000577025982  0.63687643854767384  0.64357604127117951
  0.65048278016353678  0.65757104086565021  0.66471112535062116  0.67194246641547761
  0.67931335387266711  0.68690091299485645  0.69475931809205682  0.70282768324061518
  0.71110126460474499  0.71959553191706593  0.72829356784720323  0.73740047509725715
  0.74700167072627066  0.75726185210349806  0.76806962032209136  0.77946206411686925
  0.79147593610587574  0.80434080405810771  0.81829165702466788  0.83382892343157877
  0.85175698676549216  0.87343046996972162  0.90736156006994551  1.00000000000000000
   1.3393093337147272E-006  -1.0000000000000000     
 F F F F F F F F F F F F F F F F F F F F F F F F F F F F F F F F
  <DiscreteSampler_grid>
  grouped_processes
  1 # 1 for a reference and 2 for a running grid.
  10 # Attribute 'min_bin_probing_points' of the grid.
  1 # Attribute 'grid_mode' of the grid. 1=='default',2=='initialization'
  0.0000000000000000 # Attribute 'small_contrib_threshold' of the grid.
  0.5000000000000000 # Attribute 'damping_power' of the grid.
 # binID   n_entries weight   weight_sqr   abs_weight
    10   10   2.813591616594334E+004   2.498544250831504E+009   2.813591616594334E+004
  </DiscreteSampler_grid>
