 -0.00237473997425806  0.00861344037301684  0.01792535125704547  0.02748841163619318
  0.03697337761842790  0.04641265728115565  0.05588676357570416  0.06526523562359715
  0.07450080502225359  0.08390620079929351  0.09351588709419219  0.10316186691944208
  0.11284551062220115  0.12261970272815427  0.13274637514773571  0.14293520113051655
  0.15314567660891895  0.16340263772780164  0.17365751541375390  0.18373190064385586
  0.19381113902377331  0.20424015692942155  0.21521772248690083  0.22629056723456589
  0.23689830835075398  0.24706270295741770  0.25717151018980122  0.26752709089717952
  0.27815298858033499  0.28887678438821734  0.29981772320838329  0.31078960535791367
  0.32207054016132952  0.33364273515319925  0.34519234591890063  0.35667479137345182
  0.36809936778383456  0.37903604790023188  0.38976934413736586  0.40049502904132506
  0.41145645809613685  0.42232883038778501  0.43313542496262514  0.44418629833830670
  0.45539898912382060  0.46671730296953740  0.47785894474182755  0.48913028378765216
  0.50012365071173148  0.51127139229380325  0.52257276954664489  0.53414442899839754
  0.54580060494491223  0.55778137413419859  0.56962074358885506  0.58106395432766433
  0.59214627847462897  0.60279136143825096  0.61339818643663113  0.62402398596725117
  0.63489298506828873  0.64577153480060479  0.65668427741984770  0.66753049381994345
  0.67850014227404543  0.68945960439367349  0.70063541933027573  0.71173009503018769
  0.72286645482600820  0.73389788771631614  0.74491758808107111  0.75581646559412774
  0.76652453708592816  0.77679612074655702  0.78684462364555352  0.79683317477697146
  0.80701260863670854  0.81722357364587861  0.82746029016179912  0.83754034468187699
  0.84742746002332092  0.85736457638430952  0.86750408137017598  0.87788967210370117
  0.88848708179297686  0.89914653962273361  0.90985002057253916  0.92025738495664089
  0.93050808663851825  0.94084502610084153  0.95136004929928397  0.96187660737651548
  0.97161942427730419  0.98137790268511682  0.99067132234571165  1.00000000000000000
 -0.00240629603658253  0.01017768341412644  0.02049317621134910  0.03086413684870161
  0.04119963689416363  0.05164488823198529  0.06218310242958129  0.07261432952342614
  0.08309178155118502  0.09341676217234669  0.10392141861327933  0.11471798268435325
  0.12576048801659886  0.13674073539807294  0.14778161191874153  0.15874414420531377
  0.16944080085421925  0.17959914943789884  0.18973515094678287  0.19996235063358289
  0.21043676058511843  0.22082772124905797  0.23111046828686263  0.24116241771392755
  0.25112268365455243  0.26102518981987577  0.27112689921541711  0.28153837778579444
  0.29209888923947686  0.30245122483342324  0.31272648269064374  0.32320557574050768
  0.33400792858265160  0.34461153866790434  0.35503080416048616  0.36547248364607537
  0.37612589464461549  0.38667718348813629  0.39709514515579325  0.40758647310047408
  0.41804920378581639  0.42886272713390183  0.43975153513318271  0.45093033132260957
  0.46196556748305428  0.47274745226531134  0.48350551823717219  0.49400800816503965
  0.50471588812542556  0.51546750729586233  0.52621896151018155  0.53696305678018263
  0.54758726693095183  0.55817619759850245  0.56878883682801473  0.57915857036445817
  0.58955502244054769  0.59977190412817516  0.61012892791375484  0.62051537095755527
  0.63092682205175876  0.64123232606385372  0.65145810429536299  0.66165989882475484
  0.67200733668152945  0.68244994191530495  0.69292602652606439  0.70349925567429195
  0.71401382254347157  0.72447593159624335  0.73479987665841040  0.74484612906554293
  0.75494991793518074  0.76500704613233050  0.77513587016085295  0.78540170326447456
  0.79600915539382844  0.80696691892026251  0.81799476111469760  0.82901389037187856
  0.84006516317172575  0.85109087885731427  0.86194345944581219  0.87253788841980195
  0.88339190652247068  0.89426691237169942  0.90518782254061780  0.91593403186868239
  0.92685384694512796  0.93778750711388292  0.94809858031628025  0.95838627072941796
  0.96861772326754469  0.97920239522819297  0.98948200737062098  1.00000000000000000
  0.00013075898417234  0.01481489822552840  0.02778220875290945  0.03873959584767404
  0.04877827949169990  0.05806019936369847  0.06699810084839711  0.07552486306782377
  0.08395940128853262  0.09222372552709919  0.10004705906711360  0.10792144837046495
  0.11568843147765576  0.12345188865469919  0.13091708960304269  0.13824123425475429
  0.14554041177485325  0.15278590669869552  0.15997540429439508  0.16699096331919680
  0.17372198720309667  0.18034433522702570  0.18707169304881127  0.19402935188230927
  0.20101217578143071  0.20796622566565329  0.21483574324813901  0.22161749415517826
  0.22836078741358407  0.23511627675119123  0.24182083084505152  0.24850494105666079
  0.25530220771576623  0.26209387980023968  0.26883667188523119  0.27558887948060518
  0.28236293205545521  0.28918664834489660  0.29601822461867833  0.30288840096381731
  0.30981828679595186  0.31678314944392133  0.32376544380913475  0.33054821890933278
  0.33764193502765738  0.34475065316411596  0.35196868739496406  0.35917373649482481
  0.36633498568568662  0.37353039831242396  0.38074095945541520  0.38793470884656339
  0.39520887450970704  0.40262971484650323  0.41015520395640975  0.41775895617692516
  0.42536735170165463  0.43305291457501338  0.44093306225221723  0.44898837336319708
  0.45707668100434329  0.46506179669385822  0.47300547588553171  0.48103043267300133
  0.48930645678598422  0.49799977432696441  0.50689934093772082  0.51591838649862520
  0.52479469836595172  0.53402592517008607  0.54349445555193998  0.55316394686687487
  0.56317595526639641  0.57278963158875940  0.58268065312617934  0.59236920443372842
  0.60220075528675265  0.61244970587231251  0.62301658575604080  0.63388282979410848
  0.64496243349451410  0.65670843017572311  0.66886944959190708  0.68150883897278158
  0.69508443689296506  0.70946077176903466  0.72416318421126391  0.73957360578032272
  0.75574073510021944  0.77299301330712922  0.79215085637609839  0.81359229672020650
  0.83811480111109848  0.86702573493396662  0.90794555025031587  1.00000000000000000
 -0.01904246837289183  0.12260110121931561  0.15842609320785825  0.18063730073536963
  0.19782503567113929  0.21206010873073441  0.22448010982563552  0.23578827065666133
  0.24637945001248004  0.25621262991528709  0.26550763329852234  0.27425700726323676
  0.28256569596700087  0.29063648189597746  0.29841981935849948  0.30600905769540787
  0.31345459593942970  0.32066427692157989  0.32772398619607435  0.33453236829626154
  0.34106336815898708  0.34752371873759691  0.35389632867683396  0.36012554971104971
  0.36626234325993229  0.37239779118101241  0.37852767081737926  0.38459854965266227
  0.39056269722049736  0.39643741634725571  0.40230224423494665  0.40818189369815866
  0.41401476341364868  0.41987480476302880  0.42563740299880365  0.43146123060048897
  0.43722170529006266  0.44293978764316194  0.44854641358391817  0.45406501889597412
  0.45949384409304106  0.46490947375237923  0.47033518369409266  0.47576330170811681
  0.48115196915322556  0.48646195938006637  0.49173864240896387  0.49700740224134005
  0.50227492580163391  0.50762740729985145  0.51292938684234779  0.51827574620171324
  0.52360696361218251  0.52893161966716684  0.53428471449500592  0.53963188952760988
  0.54502380884791657  0.55048441753207444  0.55594406760848614  0.56144744123534607
  0.56694633909881131  0.57248040939046241  0.57802902239810017  0.58367574319575888
  0.58952219217911972  0.59540602832849854  0.60127224693839354  0.60713398885177638
  0.61301906779860016  0.61892224276926922  0.62498130599244117  0.63128997515002017
  0.63772564635710782  0.64416964252092246  0.65064648580201856  0.65720417887406302
  0.66391394366814593  0.67090914322219286  0.67818492423388754  0.68563679293995428
  0.69319911700730785  0.70083657982471170  0.70862751883951780  0.71686380169043296
  0.72544366337357236  0.73437729687219189  0.74373515532816159  0.75358369597655739
  0.76421887008740941  0.77559062490446429  0.78807496491100837  0.80216222134796811
  0.81890907981773831  0.84041573312890472  0.87618092605760811  1.00000000000000000
   3.0012361000165458E-006  -1.0000000000000000     
 F F F F F F F F F F F F F F F F
  <DiscreteSampler_grid>
  grouped_processes
  1 # 1 for a reference and 2 for a running grid.
  10 # Attribute 'min_bin_probing_points' of the grid.
  1 # Attribute 'grid_mode' of the grid. 1=='default',2=='initialization'
  0.0000000000000000 # Attribute 'small_contrib_threshold' of the grid.
  0.5000000000000000 # Attribute 'damping_power' of the grid.
 # binID   n_entries weight   weight_sqr   abs_weight
    10   10   2.349182944251434E+008   5.728279460139229E+016   2.349182944251434E+008
    11   10   2.349182944251434E+008   5.728279460139230E+016   2.349182944251434E+008
  </DiscreteSampler_grid>
