  0.00000646920979022  0.00001113939805322  0.00001520929124422  0.00001914927160724
  0.00002296957097863  0.00002686767486244  0.00003100909675424  0.00003527580666603
  0.00003955783841230  0.00004390302870978  0.00004831866059871  0.00005279164114640
  0.00005727774208866  0.00006168865676416  0.00006619015320246  0.00007079663533856
  0.00007551399502709  0.00008039359849689  0.00008550350449426  0.00009082311344169
  0.00009604716115082  0.00010138224794351  0.00010671585755492  0.00011212590529619
  0.00011765458496377  0.00012329492058624  0.00012901231417478  0.00013475292822905
  0.00014060245486224  0.00014655303715448  0.00015263635570198  0.00015881837430790
  0.00016521320906012  0.00017157156145885  0.00017816301746416  0.00018500938672741
  0.00019207066414412  0.00019937436254824  0.00020699097882992  0.00021494597414233
  0.00022334644432520  0.00023212839188768  0.00024109470064608  0.00025026618069602
  0.00025958269273508  0.00026909602092719  0.00027939325398416  0.00028998021905785
  0.00030129836584741  0.00031308722914034  0.00032525450402834  0.00033795806985689
  0.00035162401145439  0.00036541290163662  0.00038063090762200  0.00039617202815615
  0.00041243865009975  0.00042918626632976  0.00044639820431372  0.00046488617866460
  0.00048415247167991  0.00050456393334092  0.00052656235109274  0.00054948654101659
  0.00057505114510466  0.00060212283527036  0.00063144057080591  0.00066338281938210
  0.00069777866620979  0.00073526784293075  0.00077595920873622  0.00081771957791920
  0.00086164241844519  0.00090727240967683  0.00095878532088109  0.00101680358064148
  0.00108241747715811  0.00115343581976653  0.00123177911809087  0.00131597574692354
  0.00141195728579134  0.00151394651050978  0.00164593752475547  0.00179211643040393
  0.00195950588984541  0.00214624290199950  0.00236855231478640  0.00263285914496912
  0.00295849795131953  0.00337851793543082  0.00396566932506635  0.00469364627843588
  0.00580236409606777  0.00738469552422751  0.05832533089758857  1.00000000000000000
 -0.00233719220827146  0.00979088308257398  0.02066930526285976  0.03188294081850445
  0.04332488473648196  0.05449716277579177  0.06548387777434136  0.07607834260841458
  0.08641072351823012  0.09683573131491345  0.10740861784751221  0.11820329602309630
  0.12873427318471936  0.13916501349385946  0.14959143773418457  0.15990483400763034
  0.17034945612462302  0.18080180773202587  0.19140480789281733  0.20188689291414630
  0.21227749868503132  0.22268129983592599  0.23302039104352712  0.24377203559154678
  0.25458710669038331  0.26553710328188929  0.27624914202775019  0.28699942313099602
  0.29759326393418623  0.30837002388720164  0.31907025505786751  0.33016425124204757
  0.34095969284722216  0.35189188583270431  0.36235580778576643  0.37290316599248924
  0.38318195283898654  0.39389574425766088  0.40422038205553540  0.41469481199134195
  0.42510102133456112  0.43546701896897971  0.44563158600225750  0.45592083446849130
  0.46665256090654089  0.47768221591952958  0.48847909955001229  0.49921357733320765
  0.51006116087748987  0.52084476159878235  0.53109274349415336  0.54110412505697492
  0.55110800355374323  0.56107180674712043  0.57106856681543783  0.58091159205125387
  0.59073984390592527  0.60056245114447915  0.61042791277569663  0.62058048921240361
  0.63080876865806590  0.64116055799073035  0.65159628297894978  0.66180373892503475
  0.67178977618879032  0.68178317148732270  0.69220697276085186  0.70308939557098216
  0.71447030948761336  0.72597954486654681  0.73758447927741688  0.74878867725907128
  0.75965779102228215  0.77021983392901339  0.78061587031089774  0.79103019897967630
  0.80166149981446189  0.81232838392588302  0.82316534501308525  0.83378007880091554
  0.84443623555093428  0.85493502765662377  0.86538331570555305  0.87594792898479068
  0.88664960375717528  0.89735897194911207  0.90787226564326540  0.91849298092881437
  0.92886897184568451  0.93946702406039628  0.94956473483498627  0.95972406308513791
  0.96987693995622148  0.97990167656283444  0.99000889277398119  1.00000000000000000
 -0.00365226450934785  0.02518682860349666  0.04588707124105817  0.06370836348913651
  0.07985429478490184  0.09459043883107374  0.10805414925845501  0.12095617033825426
  0.13325520736698587  0.14549894280912778  0.15743196270384963  0.16913498488107268
  0.18010873349857934  0.19098102853473281  0.20131341414562373  0.21142549189803894
  0.22136712508611495  0.23110728089688254  0.24069503113896712  0.25022491937189373
  0.25980618989157994  0.26955998803179387  0.27872863820559240  0.28789193136529734
  0.29708981355387098  0.30641287626801356  0.31551212389080413  0.32437424010153892
  0.33307113832536084  0.34157808332680001  0.34995430308929987  0.35816701793914341
  0.36619545505541962  0.37418661876838011  0.38222172856774028  0.39027489066832233
  0.39833669710948327  0.40638097777980109  0.41436831067427299  0.42225163314632269
  0.43003393093788977  0.43786668425777620  0.44586588508413721  0.45387701634207456
  0.46178111344178485  0.46960121287782952  0.47759421311746436  0.48551596124940161
  0.49319659081907691  0.50081261045687209  0.50846099291368552  0.51615800220185881
  0.52395982210479142  0.53184142303923465  0.53976337464738455  0.54760570437721778
  0.55534247320246422  0.56301670800641623  0.57068783083807750  0.57843576397405849
  0.58613189673271482  0.59381822105840110  0.60140115642723091  0.60930214074357281
  0.61741767923356072  0.62565815627724841  0.63387511485587877  0.64197464557357975
  0.65021144493317529  0.65882028237934409  0.66760541177286248  0.67608456858954713
  0.68466600546906720  0.69304463388627713  0.70140282687317324  0.70995598965234452
  0.71876680864529174  0.72780073787769350  0.73702830306151568  0.74599602515412644
  0.75537778202545625  0.76509827054072144  0.77500294496730127  0.78485445902561246
  0.79490846453679087  0.80528341650878477  0.81640200228683812  0.82814091835218828
  0.84078999277966082  0.85410100353630936  0.86886822312560441  0.88477256006729177
  0.90255016234392671  0.92293780440606754  0.95098284364800612  1.00000000000000000
 -0.01835028576239590  0.11182790114650321  0.14622438668115942  0.16762981775929386
  0.18454333020380165  0.19911340168813857  0.21213197161815364  0.22411563204484089
  0.23536248683147235  0.24609906302052981  0.25609190968728163  0.26542583691920091
  0.27432836724575188  0.28294497116689271  0.29144820226831819  0.29947931551854645
  0.30720370993230767  0.31470603179506673  0.32218002112626321  0.32953145375521625
  0.33662918747939397  0.34341091570196841  0.35010501853245574  0.35664262565661242
  0.36301654124458599  0.36932911042291017  0.37543581442391999  0.38131619714254317
  0.38708180309645185  0.39285625759718446  0.39860438855384961  0.40435366512319049
  0.41009244875845208  0.41579831949062579  0.42150245725968027  0.42715054786381140
  0.43273698583286330  0.43831488464254942  0.44403335756554801  0.44989409557808974
  0.45574532153288233  0.46158826691340182  0.46728548307351059  0.47298576540875387
  0.47870066759681812  0.48448384253573684  0.49033150695128175  0.49618944138897247
  0.50201223446624677  0.50760940183132519  0.51318147696764560  0.51879303616952333
  0.52449566689862115  0.53019856842273960  0.53589624180203399  0.54157927044460630
  0.54724685422277142  0.55295366752668262  0.55872504056500394  0.56451798395329611
  0.57033315337349333  0.57615714600302148  0.58196518487594529  0.58786814825750855
  0.59381469515811425  0.59970287447965021  0.60574887447067161  0.61192957583574659
  0.61829914967989774  0.62485400710573391  0.63156042977447413  0.63831836576456402
  0.64503779351209223  0.65170870717726370  0.65833964587334526  0.66505343140567508
  0.67194051588373360  0.67894806693743059  0.68615975859792122  0.69362603645346532
  0.70136042014451860  0.70936397881147883  0.71765853100742771  0.72623963968126770
  0.73516904112986170  0.74453798946766103  0.75434398192775054  0.76495092194902359
  0.77620111376166168  0.78838583340287793  0.80145275368076208  0.81606782366450825
  0.83321926119603706  0.85511293299172775  0.89157417983998732  1.00000000000000000
   1.1976671894873576E-002  -1.0000000000000000     
 F F F F F F F F F F F F F F F F
  <DiscreteSampler_grid>
  grouped_processes
  1 # 1 for a reference and 2 for a running grid.
  10 # Attribute 'min_bin_probing_points' of the grid.
  1 # Attribute 'grid_mode' of the grid. 1=='default',2=='initialization'
  0.0000000000000000 # Attribute 'small_contrib_threshold' of the grid.
  0.5000000000000000 # Attribute 'damping_power' of the grid.
 # binID   n_entries weight   weight_sqr   abs_weight
    10   10   2.875359733302276E+008   1.659866735146260E+017   2.875359733302276E+008
    16   10   2.875359733302276E+008   1.659866735146259E+017   2.875359733302276E+008
  </DiscreteSampler_grid>
