 -0.00248891500133479  0.01131735540538194  0.02233255876993927  0.03335959259442382
  0.04400201054882817  0.05477547356510230  0.06544766127641624  0.07610478844754315
  0.08661179367231338  0.09656357342540665  0.10661954633814534  0.11683487298332090
  0.12735577632238540  0.13772576718301532  0.14824996101157148  0.15903483698725784
  0.16981202418301894  0.18063039654436724  0.19154630605099207  0.20263380880639298
  0.21371933828226111  0.22493001608161858  0.23577486397578790  0.24651641477213132
  0.25705637861845487  0.26773756687688410  0.27814814039101737  0.28826130040353110
  0.29803454101325799  0.30777519835962042  0.31773582665848715  0.32778429236344847
  0.33804808318491369  0.34851739532323633  0.35905211152814764  0.36964540151549158
  0.38045271315304074  0.39139015586945580  0.40204121450117308  0.41257422057298343
  0.42304889033114107  0.43356164660145696  0.44368331559678159  0.45374949019729749
  0.46378812206039971  0.47398546014155835  0.48432068915966131  0.49494725554987073
  0.50546043043769162  0.51589516859443640  0.52597688987573044  0.53613554577493039
  0.54612068714977746  0.55601220256300743  0.56601360275401724  0.57636669016444519
  0.58713484280509876  0.59815036095264851  0.60929319884837829  0.62077208299016107
  0.63216633134513023  0.64348632584497190  0.65422554044905301  0.66485671001686386
  0.67509214431245057  0.68534807143248455  0.69567544334322973  0.70594927303389177
  0.71643222356474923  0.72701071754061342  0.73790804050290548  0.74882279500581939
  0.75949490887481619  0.77015510781803609  0.78051248406508400  0.79077594632175630
  0.80091837706078339  0.81123123024556343  0.82167461667281894  0.83229543624172153
  0.84291781488335127  0.85362013873097287  0.86409978996829917  0.87456572012998168
  0.88492160588608537  0.89531897473404398  0.90542242080329205  0.91540757137567796
  0.92532683563737739  0.93529900003502031  0.94571266477067650  0.95632297259123833
  0.96706324756799367  0.97777441147540667  0.98882171523688200  1.00000000000000000
 -0.01475472914131865  0.08009222890771961  0.11286538271834179  0.13561614445476949
  0.15398866998110441  0.17014427580379785  0.18460751850782631  0.19781421905661001
  0.21000315627618465  0.22142213206029812  0.23220113909311912  0.24243265690538301
  0.25222639547521353  0.26159427440121358  0.27067114113329843  0.27937860521646213
  0.28788930647795069  0.29612071955635477  0.30414897540658353  0.31200982068621252
  0.31967615451524434  0.32721325005795349  0.33461115178289774  0.34186496140074496
  0.34901911737044727  0.35607138342911576  0.36301444975797520  0.36987662155224027
  0.37666960548993450  0.38335917256320745  0.38999904998596546  0.39658839943226826
  0.40308651138814472  0.40954977338026388  0.41596844806245747  0.42233661062368499
  0.42866601107873492  0.43497062801044689  0.44123474531625773  0.44746567922961566
  0.45367944941070537  0.45987018576287231  0.46603440261646628  0.47218647267756358
  0.47832872162076939  0.48445918503292673  0.49057957954577641  0.49669808738783927
  0.50281511727938200  0.50893360178262226  0.51505385985650953  0.52118373798473205
  0.52732542896190437  0.53347716435918713  0.53964034393463567  0.54582768971321849
  0.55203942932308769  0.55826707777457496  0.56452486310144068  0.57082481817881037
  0.57714999717318849  0.58351309210739633  0.58992745855119089  0.59638962110490013
  0.60288424316752998  0.60946804971838076  0.61610472868317301  0.62279025634595531
  0.62957632732347824  0.63644033426149094  0.64338172230455726  0.65042770752613632
  0.65757495627138618  0.66481944201738730  0.67220845074401303  0.67974609841046385
  0.68739886687831353  0.69524965124837301  0.70327174353038380  0.71148414614575617
  0.71999468329379501  0.72868959013645629  0.73776106407272546  0.74710320049111478
  0.75686964955419278  0.76706187249377589  0.77779561849968160  0.78916409821103040
  0.80130648272101468  0.81444955678793163  0.82883991606303409  0.84489988637257807
  0.86318835236132674  0.88539686312492272  0.91783612303243711  1.00000000000000000
   4.7274817358265251E-003  -1.0000000000000000     
 F F F F
  <DiscreteSampler_grid>
  grouped_processes
  1 # 1 for a reference and 2 for a running grid.
  10 # Attribute 'min_bin_probing_points' of the grid.
  1 # Attribute 'grid_mode' of the grid. 1=='default',2=='initialization'
  0.0000000000000000 # Attribute 'small_contrib_threshold' of the grid.
  0.5000000000000000 # Attribute 'damping_power' of the grid.
 # binID   n_entries weight   weight_sqr   abs_weight
    10   10   2.345435727961611E+004   5.501068753998811E+008   2.345435727961611E+004
  </DiscreteSampler_grid>
