  0.00852505632968001  0.01827065732897779  0.03065059521256549  0.04248998663923464
  0.05340832597808141  0.06389288312886322  0.07409579362801380  0.08416082060342463
  0.09422624206528468  0.10425406756267247  0.11420215379546581  0.12430096133672817
  0.13459091716918845  0.14481815083904373  0.15512954588794198  0.16541501758067714
  0.17567697922041137  0.18592590610111559  0.19627704780928737  0.20663028082405144
  0.21685364712757660  0.22690329447219248  0.23691172702025071  0.24703957189807060
  0.25736311926552902  0.26786998413644142  0.27831030624031416  0.28853367743740321
  0.29868066843560431  0.30892521521331784  0.31929137939122415  0.32967245536513923
  0.33995237437392528  0.35029418220198272  0.36085275619120649  0.37163443199325336
  0.38250673933411677  0.39311221455072576  0.40339094535644587  0.41351126646198161
  0.42356977708169108  0.43373809459741214  0.44403313976754338  0.45431593058013675
  0.46458949227674068  0.47494936704199947  0.48546494300552784  0.49605207516032679
  0.50630899881314784  0.51638632821970987  0.52658029075862245  0.53685407506720662
  0.54738552036939125  0.55799314256293187  0.56844744181571649  0.57881266662902475
  0.58919017713574762  0.59973001838945439  0.61019178377016858  0.62051015152607469
  0.63077210413919749  0.64109366671314494  0.65144023365089598  0.66188124898105993
  0.67257659203188058  0.68327884954666362  0.69380837507250837  0.70416658794675602
  0.71462557989467657  0.72522603655097173  0.73577581496439792  0.74620402257029717
  0.75672265138626982  0.76733412569791337  0.77751247343816265  0.78751386573863791
  0.79768921351318023  0.80836053658060547  0.81913759730668023  0.82970027339429808
  0.84034791186335878  0.85098181211639945  0.86166954644240601  0.87217161203802129
  0.88250921752164624  0.89279587006696848  0.90336942535241771  0.91409297064472161
  0.92471749226889510  0.93536511725095561  0.94602153433389946  0.95683652264935792
  0.96730003210307725  0.97782953958677998  0.98866218752869806  1.00000000000000000
 -0.00257574469489859  0.01013463700887383  0.02089511873604723  0.03147780016825732
  0.04210359854942348  0.05277580497551845  0.06332210992209779  0.07401259455347869
  0.08459456941998501  0.09550768914114026  0.10654626294762638  0.11751226250357624
  0.12844162860975733  0.13943654906950034  0.15041198588629909  0.16117143945292806
  0.17197071210032344  0.18264271171144478  0.19308998435014221  0.20351141691085847
  0.21430611299219282  0.22537273735615837  0.23560533797948377  0.24567477408199337
  0.25554163150680381  0.26549404260687443  0.27534907764722516  0.28553930251139009
  0.29602243131429790  0.30686983600885753  0.31751905225714144  0.32826887018726558
  0.33870628182182105  0.34903202858827470  0.35927395448991267  0.36932416461099304
  0.37947636698698145  0.38967724321447400  0.39996318757552723  0.41017827673529639
  0.42066947124616710  0.43120296235890687  0.44166851428737969  0.45182284274512330
  0.46204585881004540  0.47246405137550346  0.48290223079779104  0.49379895678628305
  0.50462176879497711  0.51580770870519499  0.52667750458647744  0.53778088066077567
  0.54869932560559365  0.55986305426776040  0.57048664803706783  0.58103629361833109
  0.59132986260137421  0.60180064125078936  0.61216723046392385  0.62285061368320471
  0.63363809817233407  0.64433629116402624  0.65517091427678287  0.66634373605426878
  0.67750449702587134  0.68868643806593299  0.69952490825511882  0.71002041558576412
  0.71995257644392219  0.72991941640596625  0.74006330546875587  0.75080804675019186
  0.76170170390393754  0.77290481242958975  0.78344105455753721  0.79380895313510969
  0.80400751825703876  0.81451619373993178  0.82482673702266229  0.83480492100475123
  0.84442601123318861  0.85431753866703875  0.86447601455225564  0.87477381572255786
  0.88489959264007401  0.89487389672137163  0.90528147527723579  0.91629721902544714
  0.92689757297314068  0.93751933468582127  0.94798325002553052  0.95856214736633605
  0.96881296645416326  0.97880124964840520  0.98947239230360240  1.00000000000000000
 -0.00208912002656033  0.00996556217778141  0.01998597757118733  0.03040500057321731
  0.04089700794108565  0.05164844955556350  0.06224632668435468  0.07257930009628265
  0.08292489226324294  0.09345094310763606  0.10398709565007656  0.11451868516124243
  0.12484682424626553  0.13532375913525199  0.14573277104162571  0.15605328221561335
  0.16629638746930411  0.17644074166004906  0.18649392943167589  0.19651625279231125
  0.20672082153269733  0.21735368207654318  0.22832775295877317  0.23927833421216382
  0.25013718871762630  0.26111701658395048  0.27212607416220014  0.28298924188588009
  0.29380047824155386  0.30476443059310582  0.31565082244226467  0.32624283096280626
  0.33664659087820148  0.34715491751396632  0.35805652498896279  0.36922842013274437
  0.38038952374967738  0.39149402823145557  0.40243704806670716  0.41334898230102085
  0.42385609895109178  0.43428648343380422  0.44478683638054595  0.45510788075989245
  0.46516151546461160  0.47529012725947234  0.48558058008550892  0.49602987763750778
  0.50630365743797612  0.51667249720774799  0.52700409582251395  0.53769332671772840
  0.54831726152646132  0.55883114229886488  0.56899695817407048  0.57901503086716355
  0.58934034312698880  0.59962003515237627  0.60994216055715600  0.62009071347708677
  0.63014380029278050  0.64021147476309237  0.65042935425012582  0.66121575530082632
  0.67221131358872910  0.68297482579102864  0.69354179867363508  0.70400545518858215
  0.71456679119732103  0.72499997141722550  0.73562256738586973  0.74641101722589764
  0.75748030821275614  0.76845029817390398  0.77930511994610219  0.79000301194576450
  0.80066872493103380  0.81135047880321176  0.82221210119665200  0.83304887788921111
  0.84378048506531622  0.85440801693863577  0.86489010009800160  0.87543440032901165
  0.88582565540212543  0.89635944305575022  0.90726087607814843  0.91804259582029968
  0.92845148094149865  0.93874048616000483  0.94901448912319253  0.95949500568897528
  0.96978311042092868  0.97985293084396641  0.99001947833429715  1.00000000000000000
 -0.00226280850223727  0.00976268466906843  0.02000994552417831  0.03056445029464583
  0.04108942272505307  0.05130353954646454  0.06147954305130222  0.07201549421542590
  0.08241319550589934  0.09303138923070176  0.10352249241943214  0.11386829075715732
  0.12399257837441714  0.13411318886201359  0.14413385912410681  0.15397467479606519
  0.16386771692383009  0.17380856562290278  0.18379611604695481  0.19403360859847055
  0.20448696756908705  0.21488774523197451  0.22515171861097918  0.23542873428589708
  0.24579345294106647  0.25611553341176557  0.26604959773943493  0.27641113109029131
  0.28692394953088851  0.29767584533946412  0.30852514621042437  0.31984914223026872
  0.33153686846800279  0.34287536204481239  0.35421998164597607  0.36540166424386566
  0.37638523265214718  0.38695329952115509  0.39766412583134769  0.40820366701465816
  0.41871796907170333  0.42912139551723644  0.43956856089591451  0.44998688837198714
  0.46026919887424367  0.47038114550879295  0.48062470482643321  0.49155070247723726
  0.50261632882237017  0.51318671186620080  0.52356701846804254  0.53405561718835481
  0.54453823388067568  0.55472113773468257  0.56490326489619891  0.57569704011151968
  0.58664786189144968  0.59760452510587669  0.60847637987921821  0.61934120230991530
  0.63006245170916053  0.64060680559379279  0.65117516322605529  0.66166707998386498
  0.67189679650405354  0.68216226411381975  0.69259082213785506  0.70307714567877755
  0.71357143676185020  0.72413557389408933  0.73483096506247858  0.74559775405478901
  0.75608038375699127  0.76645693536225679  0.77691369506888275  0.78754368430570021
  0.79842023267557016  0.80879858707002172  0.81931846045011558  0.82978615517169541
  0.84019304501036451  0.85042372368629193  0.86069322436280771  0.87084144475958303
  0.88106366354611321  0.89114801107850672  0.90123610769743479  0.91124072365403752
  0.92139675724971426  0.93224268129407883  0.94330125139471055  0.95442721150393450
  0.96553462449690586  0.97673282474812506  0.98822197207711049  1.00000000000000000
 -0.00184798408634875  0.00951731899397078  0.01984657316054885  0.03025447336756528
  0.04101083933087236  0.05149471685198288  0.06205997660933621  0.07235839368725339
  0.08282841511425176  0.09324299860867789  0.10361889615494940  0.11363952327724544
  0.12373940494306347  0.13393169068675187  0.14428809727431788  0.15442008045536176
  0.16428096271341039  0.17432526497347811  0.18447579560025476  0.19475036620798314
  0.20522141615970646  0.21586253148668069  0.22678571784164517  0.23775747255059893
  0.24893671524484773  0.26001613561360176  0.27085279981298482  0.28128100184009314
  0.29178085274269783  0.30260110114954486  0.31340384875185529  0.32355668898869661
  0.33344913733388226  0.34370656951235157  0.35393935705916391  0.36386617998114446
  0.37393738506718732  0.38483906094328724  0.39586063357062889  0.40660218564085765
  0.41745758594645910  0.42932308035450067  0.44072661736139063  0.45161698417310175
  0.46272289895448698  0.47396931500468231  0.48489206773226529  0.49565877732066471
  0.50637761755025179  0.51736687551290950  0.52822401569164368  0.53936838805312048
  0.54965528064079527  0.55992805026499515  0.56982741138471482  0.57968921556503739
  0.58948327973997572  0.59933139569408256  0.60956233550960170  0.62026936275213174
  0.63133189307024928  0.64251992123010837  0.65324879977321926  0.66382564826182855
  0.67419076258775812  0.68434136724433459  0.69446684222432797  0.70463247894817493
  0.71478190689847543  0.72475414499592805  0.73484599448310317  0.74522787853634398
  0.75588614869184823  0.76669667178807566  0.77752902006466229  0.78806277331183283
  0.79859555832641116  0.80896255829874530  0.81930681468040256  0.82947226862966128
  0.84022011734513957  0.85116597399552363  0.86215861859048404  0.87260541733330199
  0.88342521146517639  0.89403867534985537  0.90448927583848382  0.91512991775475627
  0.92545901957353416  0.93590264982270521  0.94613174609110384  0.95659172992617469
  0.96729459888005542  0.97794662058858661  0.98894431976740937  1.00000000000000000
  0.00584379709230913  0.05185346454947685  0.06900949623616677  0.08102094704000325
  0.09132024556457638  0.10068696139633185  0.10936308378797616  0.11756538025925541
  0.12560709565993641  0.13349437680451626  0.14123275640559382  0.14867915482720934
  0.15584995318452344  0.16298664477799071  0.16985738182511745  0.17650457943767550
  0.18309602249592136  0.18959059623517147  0.19594928840933676  0.20221905127013526
  0.20844460206294571  0.21485039586003074  0.22137187814468628  0.22782247016648691
  0.23430309437333360  0.24064236784267029  0.24686656787603456  0.25307535135891451
  0.25927804469034044  0.26550934813948651  0.27184050459745346  0.27830866871783605
  0.28473859464606044  0.29114490695206396  0.29760188556883149  0.30400586215343256
  0.31045272460538931  0.31689011215583740  0.32326415632110950  0.32959705940454426
  0.33585692157054908  0.34205406827846385  0.34829419581569271  0.35457004019280280
  0.36082565121093446  0.36699593138322556  0.37318732095172208  0.37943151418496318
  0.38587462344577461  0.39245798127824155  0.39905118173807425  0.40582332138091892
  0.41256335163254204  0.41933000117189656  0.42612704554317044  0.43292989724211933
  0.43976041416090772  0.44668228407098137  0.45368034640001675  0.46062062963100253
  0.46755044247843724  0.47455933094292524  0.48182487480872138  0.48913547802862367
  0.49649428241133792  0.50382259895870296  0.51121534506963950  0.51859004377439455
  0.52610917509107080  0.53381980326251510  0.54176494427355415  0.55015420978659502
  0.55876301905420223  0.56782642717111587  0.57703322108754462  0.58640976492729213
  0.59564525557301418  0.60516541701252036  0.61493881940176065  0.62502542912584280
  0.63539052804509366  0.64590205361419317  0.65688412590490386  0.66838679941954082
  0.68044869282815768  0.69297717026820849  0.70607123121375948  0.71999698665941814
  0.73511082919463921  0.75152409752780958  0.77014843043325998  0.79129221309540598
  0.81591104970074346  0.84529187005323925  0.88889941373925019  1.00000000000000000
 -0.02101056025234680  0.12383553600449697  0.16193158677365757  0.18436618824410436
  0.20219030383332329  0.21703672322039561  0.23000568395304649  0.24176556792070630
  0.25267701605181692  0.26245270891250494  0.27174055803188640  0.28067111646207238
  0.28923060826108038  0.29732112876074079  0.30485251106548533  0.31246363074077466
  0.31991436213744978  0.32738762577658093  0.33456120809142870  0.34136738431235891
  0.34793911329749949  0.35443983297309162  0.36090231362802139  0.36729528518997973
  0.37358233939114982  0.37963152466858507  0.38558774678273305  0.39152970697891903
  0.39734788687875949  0.40299522464889392  0.40857391829320322  0.41414714513768119
  0.41965902114140480  0.42506073239866171  0.43050975734043717  0.43594390879708073
  0.44134096131106887  0.44666779172599841  0.45192305895462714  0.45726861391810697
  0.46244742509094855  0.46758652321795119  0.47269865538413858  0.47778075461900271
  0.48286709367476499  0.48793892538224493  0.49300536160523356  0.49811727086007868
  0.50319195623990209  0.50834180711824339  0.51344550197149830  0.51855760745194435
  0.52373264940452602  0.52901568069974514  0.53431814322287374  0.53962373309693834
  0.54486287705104774  0.55002906469984514  0.55522940328409132  0.56050321865008346
  0.56583018129580009  0.57115180628476159  0.57642444927419800  0.58159948845603482
  0.58698448991042318  0.59248773180082714  0.59809471850523144  0.60379574099792332
  0.60961597262110034  0.61550575859897771  0.62138331881946274  0.62726284970235513
  0.63319203006139624  0.63918716018312349  0.64537008200040324  0.65191370644782187
  0.65860148552898190  0.66536473193767387  0.67242399742332781  0.67968076562047464
  0.68717474028748349  0.69505242158661162  0.70316660236561068  0.71149688172109116
  0.72016468494412811  0.72921891424803231  0.73867381793728559  0.74841219106942380
  0.75900136585067957  0.77042844039990399  0.78313283825727542  0.79760976052978572
  0.81494290358965948  0.83768357401826721  0.87809633944896492  1.00000000000000000
   4.7441718547320597E-005  -1.0000000000000000     
 F F F F F F F F F F F F F F F F
  <DiscreteSampler_grid>
  grouped_processes
  1 # 1 for a reference and 2 for a running grid.
  10 # Attribute 'min_bin_probing_points' of the grid.
  1 # Attribute 'grid_mode' of the grid. 1=='default',2=='initialization'
  0.0000000000000000 # Attribute 'small_contrib_threshold' of the grid.
  0.5000000000000000 # Attribute 'damping_power' of the grid.
 # binID   n_entries weight   weight_sqr   abs_weight
    10   10   1.176192496072977E+007   1.596130453523173E+014   1.176192496072977E+007
  </DiscreteSampler_grid>
