  0.00945790838841661  0.01636839681264218  0.02555652658636478  0.03613048601374312
  0.04635401562319776  0.05661182249151055  0.06693516670482090  0.07741111345419305
  0.08775316745292024  0.09779640796197223  0.10812025033747978  0.11861408782189094
  0.12903391984066931  0.13917844954002248  0.14948971174897877  0.16000395282830934
  0.17060356543413430  0.18117626282705876  0.19174887944871843  0.20235864016912333
  0.21285957561823821  0.22322641662898635  0.23350911027916998  0.24380947267547773
  0.25431322648117449  0.26489917095208138  0.27549537336629959  0.28609737638296534
  0.29650775802602669  0.30683827125654650  0.31716556080265573  0.32753247161971316
  0.33773266888606573  0.34784538550907279  0.35801489657961971  0.36821094332667942
  0.37833159443772496  0.38855627999893622  0.39916850713010371  0.40982180320150807
  0.42036737169156224  0.43083944766900040  0.44128363932297443  0.45179329417486064
  0.46232691641194373  0.47306863825306339  0.48368234610122113  0.49417131220718014
  0.50460114567689729  0.51470668744527714  0.52494805746955453  0.53517911563762033
  0.54562091328880302  0.55610784687700809  0.56642622191278358  0.57669035171283090
  0.58709043332421795  0.59750937842309060  0.60799438489112734  0.61812191562411667
  0.62836006512244047  0.63888894832463006  0.64965177786739059  0.66066345890167089
  0.67161208600131772  0.68283583923013813  0.69403896472632187  0.70520093400235750
  0.71621010927189754  0.72708697083401430  0.73785077882410477  0.74850904921943973
  0.75941417701717440  0.77052489156021020  0.78159961152696211  0.79270558927577339
  0.80339375497984034  0.81395618764247146  0.82428154891829652  0.83472861634940509
  0.84541466757370709  0.85605428392049421  0.86695658625506622  0.87776936342681899
  0.88833427758507322  0.89871506040964400  0.90915037603514404  0.91960196292939778
  0.93006689420792166  0.94076802154003825  0.95157075889803688  0.96213711931642876
  0.97179112366464926  0.98180046914337482  0.99114550401904378  1.00000000000000000
 -0.00227037223341648  0.00947707292670018  0.01961717345783709  0.02988650330873006
  0.04006805582467110  0.05068282034619602  0.06115442439219698  0.07128228893616773
  0.08150179000206617  0.09215346925030501  0.10288141247797153  0.11314631191052023
  0.12333927436280166  0.13368773464812891  0.14413898383076137  0.15463034160269332
  0.16525897095301612  0.17586744115381778  0.18614826321096523  0.19599355871979693
  0.20577872474255240  0.21589550483604877  0.22626301908177213  0.23673314946868571
  0.24734929329756519  0.25812175855007941  0.26887779933606526  0.27936156428594755
  0.28964632305492882  0.30013848671277360  0.31079048476224308  0.32151722215471001
  0.33250623123622036  0.34344597475990318  0.35441255423428347  0.36515459851509102
  0.37570046529939588  0.38623509536935369  0.39678881927324938  0.40755583405183093
  0.41810288740086876  0.42853211301471983  0.43903804010234082  0.44984310225088803
  0.46065360276505413  0.47119956974101113  0.48170319351228474  0.49237117483630710
  0.50315506293641110  0.51411803974946191  0.52494183319127286  0.53574507939711147
  0.54643161995564893  0.55695865859628424  0.56735297676024066  0.57779224126360285
  0.58819197455323557  0.59832218909118495  0.60840533159867471  0.61843633911089346
  0.62866356995439443  0.63905135300870786  0.64963679971901422  0.66047314063272011
  0.67123882780808142  0.68208792505798943  0.69293812857382331  0.70364808702875525
  0.71435918901422735  0.72488555312836667  0.73565619271266236  0.74664555814890865
  0.75766261357005171  0.76826158556455015  0.77863264258574305  0.78905560834621391
  0.79976035689574010  0.81092987989655119  0.82170348468926291  0.83226993418650941
  0.84271752398009359  0.85312814330190212  0.86335744817737392  0.87363911916991066
  0.88476751092272843  0.89595147367716610  0.90691394180008933  0.91774914210925929
  0.92829319969025270  0.93860930074163185  0.94852820509040880  0.95876275870440475
  0.96894323441539010  0.97917777883774548  0.98946604396866422  1.00000000000000000
 -0.00216912274822303  0.00934919460193174  0.01938897996680500  0.02983413974654081
  0.04029222843885925  0.05078288647765412  0.06106226184077942  0.07126660707692929
  0.08152928719894360  0.09229029070535513  0.10287258163712681  0.11346050077293576
  0.12430298837220161  0.13496900099159859  0.14565995650739952  0.15601466867112115
  0.16638722356761296  0.17644632975032906  0.18652897325525766  0.19721102899414641
  0.20789134332023823  0.21831819331906843  0.22862971292437073  0.23942951784981434
  0.25025652961081557  0.26129045931423078  0.27226266044670694  0.28310134499202250
  0.29390847325920139  0.30461532536631097  0.31497281890165751  0.32505797628072125
  0.33506311893812007  0.34565324223566568  0.35593686449600270  0.36615622059122643
  0.37627369758046164  0.38675147595377041  0.39709740221211393  0.40758384189626656
  0.41768015756799315  0.42814341327673894  0.43874554616387684  0.44987651287486741
  0.46110493079147513  0.47213781348440848  0.48300255560025884  0.49407244513017690
  0.50509367527298887  0.51643317105547926  0.52749939413939573  0.53867170924443508
  0.54945121224450277  0.56043659711981009  0.57086320340629992  0.58148231886382351
  0.59211427036164566  0.60277057148732482  0.61332123302255326  0.62406126371694703
  0.63521377731772743  0.64647691614426783  0.65740621977806324  0.66784244209038268
  0.67800735392942568  0.68818467668121797  0.69844258020534467  0.70861696098663374
  0.71888206187202686  0.72948057772762609  0.74051126147343149  0.75164949164519368
  0.76259185749643743  0.77333543991762843  0.78397696728906452  0.79461814428404742
  0.80509477081346370  0.81545885120309214  0.82583975640763529  0.83618563280771374
  0.84628046588350025  0.85654145548381377  0.86682209476189276  0.87722218947246366
  0.88733254955643093  0.89754556982282996  0.90793219775860479  0.91835999807427815
  0.92869269944956157  0.93893627322013118  0.94908329868796937  0.95947778103818782
  0.96963777470639434  0.97974064643672709  0.98974270255046748  1.00000000000000000
  0.00040290887412157  0.01206637638372691  0.01839255469753739  0.02468183804980935
  0.03122323019465368  0.03791009192874172  0.04490423117348374  0.05233306438506732
  0.06002494555529341  0.06787113910006801  0.07582296062638788  0.08378420801085162
  0.09192389450106210  0.10044451104840624  0.10936197078502907  0.11852043155639115
  0.12779667491346428  0.13723591071320018  0.14680908851823735  0.15641515732265965
  0.16607168619678297  0.17593089643315521  0.18610288863332553  0.19669852475864505
  0.20755180421254699  0.21851716584335679  0.22968924206845409  0.24115960951236079
  0.25286491900332653  0.26456848915804504  0.27640414194400187  0.28855521024618969
  0.30088136840795165  0.31338659795810248  0.32610390130007827  0.33903896266009881
  0.35208200752362773  0.36510150123214308  0.37826473228540280  0.39161296038031868
  0.40497944757153737  0.41842325961890875  0.43196071019814136  0.44565764714490974
  0.45948326075338208  0.47352511361336297  0.48761567345385504  0.50200547804891849
  0.51672472516303525  0.53114777140749003  0.54499644752160314  0.55874346114074513
  0.57272549377602555  0.58678278889347890  0.60088955499463281  0.61504731848518313
  0.62907562446450160  0.64260257363240270  0.65547438884510334  0.66804092997924480
  0.68056944102296257  0.69315778255245564  0.70553744887230541  0.71780888639069695
  0.72994815647772038  0.74168866698105185  0.75296653918853451  0.76382535673487462
  0.77465927023762893  0.78531556852255369  0.79596114268587559  0.80642922530955707
  0.81682722928212248  0.82708082626202395  0.83709524372669175  0.84704083964258425
  0.85664260327242403  0.86590292296515836  0.87506622769690978  0.88409715362587926
  0.89291784604639712  0.90139222671649410  0.90958805037745993  0.91789924609966633
  0.92648862457288561  0.93493195620122738  0.94278611945024959  0.95012034945616564
  0.95729299331235984  0.96412395115331861  0.97046643257062593  0.97672362976647686
  0.98284856666151144  0.98862052640283848  0.99409482606208310  1.00000000000000000
 -0.00181880034854611  0.00969843890055692  0.01979637780111177  0.03057916983173321
  0.04116997720437334  0.05194767174899206  0.06258101414663501  0.07323897754196826
  0.08377855025549720  0.09401950191986730  0.10417628258111750  0.11409725079919643
  0.12388927374638097  0.13394055730815430  0.14403529944249419  0.15451433196606693
  0.16524060989612643  0.17615792661659982  0.18705132512572320  0.19782986185333656
  0.20850435459267372  0.21920042053517991  0.22966559066429995  0.24001923836680505
  0.25054014258089380  0.26133854536191448  0.27216646633384833  0.28305574876449002
  0.29407353803657987  0.30489034068340581  0.31533877964257079  0.32550136304988697
  0.33565030337037322  0.34575832242642990  0.35585700206254617  0.36615120092291797
  0.37665436163302279  0.38734969067665997  0.39804765003602038  0.40867352886713421
  0.41928641166572356  0.43007734868848319  0.44101289317223547  0.45195379865681656
  0.46277579383894557  0.47360488559692976  0.48403249623358352  0.49432492005726131
  0.50479092216987131  0.51544492279447940  0.52593665198735795  0.53621877692451425
  0.54666493132866956  0.55722901790469304  0.56777444828138690  0.57823700318755189
  0.58876915199067403  0.59936869250201197  0.61012017678847719  0.62105331698348099
  0.63212169922456651  0.64316045404172406  0.65387390998234141  0.66433329113564166
  0.67468651207477881  0.68516976686448305  0.69559223411534088  0.70590625053308120
  0.71630085925133025  0.72663196347424241  0.73704011600989405  0.74711910248479263
  0.75715122029216764  0.76719728498507000  0.77759611292494935  0.78796206114431777
  0.79838085942980264  0.80873469203745818  0.81964476248248386  0.83061425770769881
  0.84141654072008132  0.85210929451348416  0.86297467414364393  0.87356023319493814
  0.88406411414977781  0.89409759149872281  0.90504369743159763  0.91601286566196605
  0.92671873029410912  0.93743644142547466  0.94785087912298838  0.95844926062553493
  0.96879429180815180  0.97915505530876101  0.98964239756855543  1.00000000000000000
  0.21270535298281729  0.22769308271892827  0.24256852700369944  0.25806095613322749
  0.27293992392824235  0.28742795382640091  0.30158750759721692  0.31535143289360779
  0.32851848975704701  0.34172182398636869  0.35486210965991255  0.36766668618791498
  0.38040595240272002  0.39294983645195786  0.40522303741670140  0.41710207901467256
  0.42870714177298219  0.44005815405498866  0.45130215715731004  0.46246713001375989
  0.47351069579623428  0.48441494691664744  0.49514291135784916  0.50581454716649143
  0.51633979655387097  0.52676996256254383  0.53711221186092994  0.54731476419014036
  0.55738450426555808  0.56737111834023413  0.57733340456789639  0.58714185802474472
  0.59683153779659415  0.60633738162992157  0.61552044593514332  0.62448934945236445
  0.63322352005077320  0.64189165729957320  0.65044287876439288  0.65888894844980406
  0.66733010691781269  0.67565910345149394  0.68382825464750285  0.69177396589531970
  0.69956116154970316  0.70726686509210557  0.71486316208786593  0.72237307674202633
  0.72983665464022385  0.73721703071293732  0.74449444556753852  0.75164742295458442
  0.75874719868033169  0.76586143272525142  0.77294787812107446  0.77993675033035492
  0.78686291842241940  0.79372564226115550  0.80044451025043661  0.80708643205437758
  0.81364513913701508  0.82010062472800727  0.82651212392493556  0.83287012373963809
  0.83915737768259557  0.84536949742600553  0.85155475563165128  0.85765169722457724
  0.86369506325414569  0.86962609679816538  0.87547581103445882  0.88138949973453129
  0.88727712927213043  0.89312767085548050  0.89876698156350443  0.90430330424728667
  0.90981943932164522  0.91525475768596443  0.92053038273268373  0.92570045131720347
  0.93089484153401880  0.93612759474939222  0.94127063662487820  0.94624129336752982
  0.95106121433102597  0.95580257446689310  0.96047565718522721  0.96507987011783392
  0.96963192261677389  0.97407569515649683  0.97843940604526025  0.98272364822990477
  0.98694305609989530  0.99119825723641120  0.99558218308805768  1.00000000000000000
 -0.01656973559934736  0.10867923974283279  0.15158403275295879  0.17933413305039353
  0.20196074796515506  0.22184190942621168  0.23945631153852848  0.25555524775393867
  0.27057567173655722  0.28476229922033741  0.29798322574298458  0.31043473035467106
  0.32234649919409059  0.33386566119235672  0.34498128649899718  0.35575805826196566
  0.36624875054687139  0.37650528413465839  0.38651410420883203  0.39632580812095708
  0.40592644885558021  0.41531823823564418  0.42461491700145659  0.43377272722868604
  0.44285420755025373  0.45193492058588475  0.46085291365069736  0.46960960010233543
  0.47815168766828620  0.48643004997828720  0.49452183119608961  0.50247979715990077
  0.51032119371244555  0.51809386022608273  0.52578307318812922  0.53340729019480149
  0.54100725989486342  0.54849693909640684  0.55585961858228816  0.56311461751230851
  0.57028633160496311  0.57741480041596094  0.58448566676882840  0.59143741812456940
  0.59837178227682797  0.60530166574845146  0.61224942741566546  0.61923104661496986
  0.62612247127111775  0.63293953489825139  0.63952089514791699  0.64607597991806565
  0.65247993762640488  0.65887368131733681  0.66521379174077910  0.67147658981698255
  0.67772380902605656  0.68396646453515098  0.69011810975225518  0.69611941422603885
  0.70206187718481816  0.70807729082532922  0.71412049169759506  0.72014494514142002
  0.72604236845243619  0.73187934388718101  0.73776587741513366  0.74369583396223571
  0.74969409928561748  0.75562956056006880  0.76149023184039510  0.76733407010855970
  0.77323780172210388  0.77925163319440960  0.78535047518593526  0.79143001241386934
  0.79736685851899580  0.80332849702802112  0.80925749026162186  0.81531130013507880
  0.82146460872407889  0.82771367085839176  0.83413572278472370  0.84070425662795556
  0.84735328109822172  0.85414340273494471  0.86116946788390636  0.86847653352980658
  0.87616707008803452  0.88436308097756788  0.89316264433424186  0.90302561504571210
  0.91451313118039623  0.92905052989102088  0.95101227077798378  1.00000000000000000
   1.2459355562820684E-007  -1.0000000000000000     
 F F F F F F F F F F F F F F F F F F F F F F F F F F F F F F F F
  <DiscreteSampler_grid>
  grouped_processes
  1 # 1 for a reference and 2 for a running grid.
  10 # Attribute 'min_bin_probing_points' of the grid.
  1 # Attribute 'grid_mode' of the grid. 1=='default',2=='initialization'
  0.0000000000000000 # Attribute 'small_contrib_threshold' of the grid.
  0.5000000000000000 # Attribute 'damping_power' of the grid.
 # binID   n_entries weight   weight_sqr   abs_weight
    10   10   5.595589879353645E+004   5.810193357456034E+009   5.595589879353645E+004
    11   10   5.595589879353649E+004   5.810193357456039E+009   5.595589879353649E+004
  </DiscreteSampler_grid>
