  0.00047603628338699  0.00049214682249155  0.00050576129797211  0.00051765961879014
  0.00052860378412956  0.00053899102848510  0.00054898371765695  0.00055861020675817
  0.00056822883965446  0.00057791458836461  0.00058760242010021  0.00059727850742799
  0.00060694907746356  0.00061661795291145  0.00062657214783300  0.00063693535911905
  0.00064743317856555  0.00065792682536531  0.00066853472942482  0.00067934403548213
  0.00069043852704499  0.00070190601476585  0.00071348165084230  0.00072593861147411
  0.00073874117546419  0.00075195044196264  0.00076547445634585  0.00077900688573324
  0.00079252847994073  0.00080641016083314  0.00082098422636238  0.00083611424073177
  0.00085165911744270  0.00086679314450200  0.00088182809314182  0.00089782959451627
  0.00091508573660982  0.00093328927866631  0.00095218779841886  0.00097205490511606
  0.00099314078672814  0.00101497207498524  0.00103723183199185  0.00106041232582141
  0.00108505393800798  0.00111065945670900  0.00113630277799394  0.00116284080651948
  0.00119111795736691  0.00122157664520361  0.00125137519614302  0.00128210463745567
  0.00131528932730714  0.00134971654980591  0.00138561854243815  0.00142351722552311
  0.00146251990580012  0.00150245734821733  0.00154310899042328  0.00158951327504769
  0.00163760652921923  0.00169410485662602  0.00175407250157321  0.00181642513927782
  0.00188469553163594  0.00195599296105177  0.00203368278614676  0.00211412268477210
  0.00220024622115150  0.00229289236937554  0.00238869011998446  0.00249405004002502
  0.00261667473275421  0.00275944805397114  0.00291758603738883  0.00307547496863983
  0.00324060674206804  0.00342371302126125  0.00362229344414371  0.00382994434202561
  0.00407186419879032  0.00438629693650132  0.00476723270072726  0.00521181894933274
  0.00568158685698454  0.00618615442660943  0.00666032428561178  0.00726938245482826
  0.00791804833329192  0.00870802693250443  0.00983374477708776  0.01162292303571965
  0.01417358133736365  0.01828008989731571  0.46768037974987342  1.00000000000000000
  0.00000928110097645  0.00002875131167010  0.00004210102847203  0.00005554307928518
  0.00006756495068823  0.00007913046877173  0.00009079236473526  0.00010219697306683
  0.00011324546453471  0.00012412200484561  0.00013451570621379  0.00014509718797630
  0.00015563303669900  0.00016616825494970  0.00017704333297541  0.00018866066078048
  0.00020083655251162  0.00021368391627769  0.00022765328751957  0.00024294354613037
  0.00025930862239595  0.00027691965041288  0.00029559227593967  0.00031501429315290
  0.00033540743399012  0.00035631856166213  0.00037724539361678  0.00039828430406149
  0.00042000117295939  0.00044224570460064  0.00046462805506308  0.00048729260120016
  0.00051118139320777  0.00053648642090002  0.00056232790587736  0.00058824250850870
  0.00061477444158564  0.00064267916833081  0.00067137663785381  0.00070099666618206
  0.00073182888047467  0.00076323806385833  0.00079628946699715  0.00082899914183912
  0.00086170972243081  0.00089549583714680  0.00092958269118210  0.00096671074906802
  0.00100411728405557  0.00104385391320769  0.00108508664942894  0.00112822448532896
  0.00117320565911205  0.00122028886933416  0.00127067754568877  0.00132546404550135
  0.00138422267767816  0.00144572411233622  0.00151056451387689  0.00157793882665202
  0.00164704468329005  0.00172224769234057  0.00179702114066451  0.00187430144432274
  0.00195257523127838  0.00203327361606262  0.00212322524441383  0.00222069707993031
  0.00231791886097815  0.00241188866255838  0.00251257876734231  0.00262784114173284
  0.00275347420006936  0.00288848643285909  0.00301427874534969  0.00318002402818433
  0.00336084214294070  0.00354825245372706  0.00375140276459758  0.00395177091300947
  0.00418162310863078  0.00443746136584546  0.00474988739650697  0.00516033823746979
  0.00567866391843664  0.00615713762097262  0.00663418246982863  0.00719189216193863
  0.00790710456596905  0.00869903771735385  0.00945625470697411  0.01030718566438535
  0.01148751123591870  0.01563076403552129  0.14037785849320003  1.00000000000000000
 -0.00237625762391302  0.01108841226017726  0.02201080150215800  0.03336653350393281
  0.04495585371333403  0.05723020257759537  0.06959495790057399  0.08186103490034918
  0.09346709025689760  0.10510717099145667  0.11680667360525585  0.12862658109104105
  0.14013329254869006  0.15113567238613410  0.16152579156074826  0.17164128689785219
  0.18186965086276474  0.19260724185859487  0.20355634545090245  0.21426861809348538
  0.22500135428225509  0.23532575234886147  0.24561631108086920  0.25534451664881486
  0.26502429560544810  0.27453042158076912  0.28454497391216005  0.29499220472788834
  0.30579283309923222  0.31583492224371723  0.32572153914496088  0.33534304130884929
  0.34483154484970141  0.35442556013377791  0.36408642209057046  0.37391088936043931
  0.38344429085183135  0.39320617909146011  0.40381495213927115  0.41499462685462968
  0.42618632699206915  0.43706032324988092  0.44791763869626883  0.45849964697677292
  0.46895983689373499  0.47940976381397721  0.49001589685721353  0.50074309522197979
  0.51109070512315924  0.52140951982622408  0.53163030855950166  0.54234363706209132
  0.55272183506035466  0.56298571564459232  0.57328414387167104  0.58400192397552941
  0.59506201474579556  0.60584386316143379  0.61632640612495082  0.62675834709161748
  0.63737731032887401  0.64820772308980912  0.65884975606410567  0.66939134008148837
  0.67952825615219570  0.68939346453399553  0.69956276309712362  0.70998758136820173
  0.72081611212488761  0.73107746456921963  0.74112493278141556  0.75096631730028862
  0.76081562059720176  0.77063506450142050  0.78031527656108834  0.78985334761866055
  0.79942029256478653  0.80920673307596847  0.81913805630469994  0.82926062637044606
  0.83943729979654025  0.84954241825472854  0.85927501689540930  0.86909116843122414
  0.87918214235478820  0.88969360421459354  0.90053718477896827  0.91163145749142882
  0.92315738097049826  0.93465784382429906  0.94669670855771204  0.95848823133279504
  0.96929083168949959  0.97956106119880670  0.98969861402399872  1.00000000000000000
 -0.00279582751376546  0.01022421892950308  0.02145862452723682  0.03245008475341277
  0.04318880026983314  0.05377240924240871  0.06425453541495028  0.07446297112654962
  0.08495690187246223  0.09606854279621659  0.10716924381058003  0.11863012001255809
  0.13000993953449760  0.14129615740981111  0.15208638835002947  0.16275985104230004
  0.17386345949659901  0.18499990778449180  0.19581178694678153  0.20642632665992092
  0.21745105680417340  0.22868856325314271  0.23956989336150306  0.25020666185347779
  0.26089660644145291  0.27165798893105336  0.28242514343760622  0.29312633675746580
  0.30372635536630077  0.31428047265485914  0.32487895625679686  0.33536988158751713
  0.34569608816413222  0.35587534898218443  0.36607448202843063  0.37625235746710478
  0.38633071577439798  0.39667240051030311  0.40718684291570140  0.41731665648864108
  0.42700853405697214  0.43678338029695679  0.44728536999346036  0.45811508336009144
  0.46888054639816629  0.47953780484439834  0.49016083373782676  0.50088619322560535
  0.51192658292970772  0.52311181465384637  0.53431553014413447  0.54527561044013284
  0.55599936189529287  0.56660718463818149  0.57705680870192688  0.58728421891746940
  0.59782389768395916  0.60828690969518806  0.61873442101647746  0.62867261380622108
  0.63826703561749976  0.64769368327931121  0.65708844871802341  0.66728245847809453
  0.67787372141870994  0.68837874799556431  0.69845305325307194  0.70873564277211865
  0.71919763293057137  0.72999524535078719  0.74029881788445362  0.75093294229438645
  0.76161604107919634  0.77250479251080240  0.78339075005119463  0.79421965894665658
  0.80489083842638010  0.81541615664917622  0.82585327886520499  0.83661060608262494
  0.84716047962486585  0.85764681466987314  0.86784458922079544  0.87815990271906985
  0.88896844896741067  0.89949259840015050  0.90945457355188097  0.91916302977489017
  0.92879900034448992  0.93902018516705676  0.94906971513322591  0.95879275185568169
  0.96855425871268386  0.97830188283269159  0.98895361373409729  1.00000000000000000
 -0.00209999461250222  0.01000225896330971  0.02002176800192484  0.02997028556702631
  0.03983210777999929  0.04983533507409892  0.05984940601998325  0.07005636563703477
  0.08023225696065930  0.09050958015329715  0.10060088385554355  0.11073336279620670
  0.12091605527950015  0.13115450178671076  0.14175769735673180  0.15279608249052570
  0.16421025129966388  0.17539533919463196  0.18671247561762924  0.19807921250326471
  0.20883182510232759  0.21874712566782717  0.22829632537677150  0.23792074279128381
  0.24788837074463815  0.25839619999086555  0.26864917292326895  0.27913582118577152
  0.28969584641106200  0.30073702002662178  0.31188596894987358  0.32257386886312067
  0.33295320295557668  0.34313144266220263  0.35372876459146169  0.36446528990622556
  0.37544809254319150  0.38606790476784741  0.39650380442984784  0.40663666279286909
  0.41664334750669829  0.42671119545100000  0.43675476368107685  0.44669801729408010
  0.45640987127246702  0.46601892984274179  0.47598088303795322  0.48645331431972977
  0.49712941001929334  0.50734925524053021  0.51715527589167232  0.52724992701535023
  0.53774959299449354  0.54903723492427225  0.56045501135087761  0.57161868650462400
  0.58238400248648314  0.59306449297994879  0.60350325039634456  0.61380245594693716
  0.62449485096938473  0.63566127908320813  0.64638419371366240  0.65694180241574907
  0.66732724555218714  0.67787738291164124  0.68836863314606256  0.69893443216527340
  0.70989126237876798  0.72129658525922080  0.73225977409001863  0.74302112608075155
  0.75344184463569042  0.76433926212018666  0.77525021121468629  0.78580470410892700
  0.79631838465657268  0.80707658513520797  0.81790540122510869  0.82881420199547728
  0.83948349246983656  0.85039434188656760  0.86158028559151656  0.87277123452778826
  0.88376119676510767  0.89455919606856482  0.90508890829314814  0.91511542721954098
  0.92504460575593250  0.93529127299888026  0.94602385941915856  0.95683857119993942
  0.96774813267887838  0.97832372977683180  0.98925930295223552  1.00000000000000000
 -0.01040586383373680  0.07466539303353784  0.11320105911768326  0.13933003060501217
  0.16139390735814152  0.18075259073282324  0.19824810572339366  0.21425141984390841
  0.22919023398741242  0.24291224464359773  0.25572095807295803  0.26747682200369494
  0.27872586445716069  0.28962782540455434  0.30061490953184405  0.31146134897689470
  0.32189744073100651  0.33188614113019793  0.34155724495570894  0.35082888907659115
  0.35977501467247985  0.36841868241089337  0.37706972170760433  0.38561245294006108
  0.39401058366749248  0.40197653836752123  0.40967743092334297  0.41734166742115553
  0.42484643939334354  0.43258974228540087  0.44040559315895361  0.44826533080218284
  0.45598229940722373  0.46346582294340050  0.47081108247533154  0.47818121329486640
  0.48566319569278871  0.49317187478409974  0.50051397187526925  0.50759339480114996
  0.51457070850650666  0.52170665373353176  0.52887604953030398  0.53591223288485079
  0.54258712540272858  0.54897904388515029  0.55543680354514424  0.56194648506813216
  0.56828915314879325  0.57460683662907563  0.58105164623368144  0.58780616440183020
  0.59475579595990580  0.60146018339378471  0.60837076751040375  0.61538636113382206
  0.62242191210455200  0.62951894113239681  0.63662967716520036  0.64366101899155026
  0.65029463442043089  0.65686890731646463  0.66387431640490813  0.67110195827746710
  0.67806772222594702  0.68486288421658770  0.69140655504355619  0.69784640351851979
  0.70447174504708654  0.71130951166389089  0.71840870488515063  0.72564269688753558
  0.73288434625772225  0.74033724990140704  0.74796211980583971  0.75555383759001515
  0.76310373815782029  0.77075483633657782  0.77865314899541460  0.78660697379208777
  0.79473999674139084  0.80297911054524085  0.81146056096763530  0.82017543851519570
  0.82923212236108379  0.83854027230968164  0.84817594548530761  0.85825169747484598
  0.86864774894321084  0.87926282170361691  0.89056864517624768  0.90288345574619056
  0.91674815329388548  0.93289887305631203  0.95640136747110782  1.00000000000000000
 -0.01734347706240980  0.11478438823407426  0.15007702050836741  0.17287346956437716
  0.19100380993384009  0.20672914835529843  0.22047576401818958  0.23281874103768754
  0.24433290329646123  0.25482806845123335  0.26425865720095765  0.27287946930404011
  0.28125854816416568  0.28972516076581706  0.29823816050541624  0.30646258389270364
  0.31437922848710853  0.32204599587990618  0.32963036776812138  0.33688540281530915
  0.34386433306386521  0.35063246588301744  0.35729879008760623  0.36386702750618066
  0.37027648268661723  0.37648388785425246  0.38243141890049670  0.38820953351597992
  0.39397691476110619  0.39970978945709984  0.40550218696467955  0.41130650260281504
  0.41721852378992774  0.42284546828304181  0.42855896439388363  0.43424157740883212
  0.43986723881852235  0.44546843835216965  0.45084950838444698  0.45615801001959549
  0.46144219699538414  0.46668095437335666  0.47201705680886474  0.47732013916396759
  0.48254057772010184  0.48770669996415206  0.49275441274111104  0.49786273333511372
  0.50308398607574611  0.50848767594744471  0.51404959123517457  0.51962552553981090
  0.52512534705577496  0.53057663664216526  0.53596266820291694  0.54130656018294288
  0.54663235558556000  0.55190482341960923  0.55723007677009773  0.56261642011132429
  0.56806706475142332  0.57366662654316602  0.57924616895360037  0.58500423556678771
  0.59105662595283204  0.59707914716075183  0.60289746620150719  0.60866243258042019
  0.61435722621771982  0.62007598710214462  0.62602586395747106  0.63233383002983434
  0.63879309424585951  0.64520267201954562  0.65164284428894126  0.65814412136373435
  0.66466529043400513  0.67135740379414377  0.67828852214422253  0.68560814027216643
  0.69324870964437635  0.70133653195537804  0.70981588142261665  0.71901794808317010
  0.72823824137215565  0.73782197938164473  0.74795458548820370  0.75858311990272742
  0.77003099088932336  0.78234827430118903  0.79616494573780205  0.81165888258939578
  0.82910466625485368  0.85118280220141196  0.88845886322496637  1.00000000000000000
   2.7512908089701046E-006  -1.0000000000000000     
 F F F F F F F F F F F F F F F F
  <DiscreteSampler_grid>
  grouped_processes
  1 # 1 for a reference and 2 for a running grid.
  10 # Attribute 'min_bin_probing_points' of the grid.
  1 # Attribute 'grid_mode' of the grid. 1=='default',2=='initialization'
  0.0000000000000000 # Attribute 'small_contrib_threshold' of the grid.
  0.5000000000000000 # Attribute 'damping_power' of the grid.
 # binID   n_entries weight   weight_sqr   abs_weight
    10   10   1.657216453682656E+003   7.863283622878973E+006   1.657216453682656E+003
    16   10   1.657216453682656E+003   7.863283622878967E+006   1.657216453682656E+003
  </DiscreteSampler_grid>
