  0.00927214898021891  0.01660173814665495  0.02543531737339358  0.03606609632593133
  0.04619349191864892  0.05637586232030496  0.06664826917834639  0.07718914089502379
  0.08775917660083787  0.09851066127879303  0.10887572895103557  0.11927350982657055
  0.12974947991527494  0.14059359393743698  0.15126100247682789  0.16191101990015808
  0.17238214666168941  0.18291726796529600  0.19340195371991969  0.20375448257656639
  0.21406300162274280  0.22429335811098589  0.23444731825078963  0.24463507346783850
  0.25488375690405568  0.26509962562237827  0.27540097292769827  0.28581527036528570
  0.29636416693083828  0.30698033572100786  0.31752876986212286  0.32793426703522843
  0.33827563612320100  0.34868255459649977  0.35950498379202439  0.37046915178557499
  0.38120822064370885  0.39188571479098316  0.40250025802618750  0.41312313992724087
  0.42361382328154340  0.43395085572187270  0.44406893894981331  0.45406937495838490
  0.46412618999474775  0.47425411945960266  0.48413016705315398  0.49381033625027654
  0.50369453055963020  0.51376108815344124  0.52402819723187710  0.53440962988974561
  0.54489544480605767  0.55549395145075908  0.56592544931407918  0.57642515784103809
  0.58682743216061939  0.59701705782330117  0.60711132200196616  0.61707823764494740
  0.62713702050521458  0.63732802129877841  0.64773177910156976  0.65842863925865236
  0.66920061972187361  0.67981996120327137  0.69011255688889717  0.70035402018546755
  0.71062353672936840  0.72088712717932169  0.73104004544365309  0.74109509806586016
  0.75116199092494174  0.76126258402825941  0.77159934637570482  0.78227037948391154
  0.79295839647429955  0.80350671667638085  0.81402323035637558  0.82468140325526618
  0.83523486327537366  0.84555305666616887  0.85588081541647409  0.86642978000441762
  0.87693814125907232  0.88722629264351205  0.89765533596821023  0.90814995123178532
  0.91849567410099175  0.92853741825498093  0.93852835553343461  0.94877178765370651
  0.95907617800043499  0.96960300805063315  0.98006880522699025  1.00000000000000000
 -0.00242888270234149  0.00977446795490339  0.02038309193041622  0.03106652440689048
  0.04161800920295704  0.05203945346519138  0.06244496558993962  0.07302447146642940
  0.08341025919579741  0.09380891203766258  0.10417540206318433  0.11451469210307914
  0.12483356659876503  0.13512652470741160  0.14536741983359566  0.15559505475139274
  0.16580025782100685  0.17638492474750819  0.18718535025259059  0.19792001355680650
  0.20835440672539815  0.21880560185464792  0.22911340164490457  0.23942119356006691
  0.24965958227051402  0.26019105498124140  0.27067405421036189  0.28114073338370754
  0.29165315095750438  0.30207875190360600  0.31267190979845039  0.32323438485740130
  0.33387198967206777  0.34429587676789253  0.35480766922142054  0.36545647036450812
  0.37608190684304177  0.38669632725042685  0.39714276786358299  0.40777646655888738
  0.41819491361615968  0.42891251713896944  0.43970445326524149  0.45047565673811435
  0.46127807609043137  0.47191286108952774  0.48246424488809014  0.49292305286791716
  0.50346762463751915  0.51429924950991746  0.52505267485862683  0.53582039739463361
  0.54641735212491560  0.55696759795419148  0.56732227672692026  0.57745107199885115
  0.58768290562329184  0.59809026135920529  0.60859885788019996  0.61911112233190813
  0.62982430110946996  0.64072862877066727  0.65145746242691516  0.66201905457878285
  0.67256026857143614  0.68324726460088447  0.69381866278618942  0.70421139508050379
  0.71455798608996202  0.72477340980679161  0.73506139676169924  0.74536105901554939
  0.75574206412396483  0.76634321162737962  0.77696759629573353  0.78766150667216384
  0.79828308443166918  0.80878454443923420  0.81941299498817910  0.83010058815089505
  0.84088100337545868  0.85178611517289604  0.86279830121780421  0.87381174199914358
  0.88485346925168540  0.89608638858550760  0.90701204792919987  0.91769905924564943
  0.92806638946967157  0.93843160196976594  0.94860528246663878  0.95891150386541224
  0.96934286114264412  0.97980168316786054  0.98995214836338319  1.00000000000000000
 -0.00222765754365810  0.01016690232916451  0.02033554827791479  0.03089787222071811
  0.04161121379054881  0.05227129846434949  0.06287508098503175  0.07339487310560676
  0.08411569026188025  0.09483264627009198  0.10541140552404590  0.11601977589937193
  0.12666121972254479  0.13758223837169009  0.14840546209292166  0.15896339865311720
  0.16947449638661466  0.18006323467250701  0.19091467485529476  0.20164570617325953
  0.21224020975974961  0.22296880455811197  0.23378859213971681  0.24483786563580459
  0.25586515862928894  0.26670560738134996  0.27727635457714089  0.28767734391451960
  0.29818019094142634  0.30866330845901235  0.31888573158349226  0.32905246976218167
  0.33928600469479464  0.34970054338377393  0.36011504875299222  0.37071290666233742
  0.38142520085190423  0.39223228929407022  0.40280704058776090  0.41314196092478500
  0.42332984455367495  0.43359314372643531  0.44392249713020349  0.45441526123733911
  0.46472212583324207  0.47508031639927051  0.48531883063453773  0.49552744403153254
  0.50576737692686913  0.51617181795334988  0.52670179149214291  0.53719096588940585
  0.54760240394167314  0.55795587400828350  0.56830321446082177  0.57861513847023138
  0.58891476055411140  0.59933662998335768  0.60983039782873727  0.62044119663219677
  0.63101346889309229  0.64156663065604147  0.65223012007626224  0.66289942468813878
  0.67344099743429064  0.68390025839052526  0.69450281591405238  0.70528058250484882
  0.71594938580655465  0.72658128349658935  0.73703708378720434  0.74750722387422297
  0.75775477838932670  0.76793773584153613  0.77827101695750844  0.78869804666194465
  0.79966915155822726  0.81067407346691689  0.82166274036295306  0.83254186473883485
  0.84346514104903869  0.85432483365553102  0.86489007357012837  0.87537993071031173
  0.88577743845279600  0.89613984050766393  0.90642657090637502  0.91685428685427828
  0.92745938460246080  0.93787466325735847  0.94819931151575343  0.95858578676760531
  0.96923071304568942  0.97985581826746937  0.98994775650205202  1.00000000000000000
  0.01441141674105094  0.03397575138651646  0.05750528477147009  0.07546033435420041
  0.09082976683726943  0.10491924447852630  0.11839985413484701  0.13124698072066182
  0.14359952183456065  0.15489642604273790  0.16595143652391353  0.17641660481325314
  0.18682823251243888  0.19708112017968424  0.20722633193687928  0.21720619853047604
  0.22692477873528744  0.23665491836063454  0.24621389591182968  0.25551597446796315
  0.26471055474492666  0.27383925220064725  0.28314121379667878  0.29230862775544514
  0.30126586285884949  0.31005975464685603  0.31870549615129362  0.32733672877813019
  0.33611865213074976  0.34493788012030024  0.35371667275977992  0.36237693557291789
  0.37095326668564099  0.37951795369643215  0.38811617397334058  0.39671494644433347
  0.40521830113681351  0.41360984028394737  0.42192703563678158  0.43014598853662223
  0.43835551101847064  0.44667506112339705  0.45499476539002537  0.46336344318392214
  0.47182425916060589  0.48034923263762586  0.48868826193856346  0.49687635498818794
  0.50513067670233835  0.51346743271824802  0.52188805247858383  0.53030874116436133
  0.53863078388641683  0.54692277486972607  0.55531045063600770  0.56378841696904158
  0.57221718896101059  0.58052941849549600  0.58877002134077439  0.59701674913531144
  0.60537607267929816  0.61391024581110198  0.62252139212791924  0.63108057009651353
  0.63963411807587323  0.64826570290048369  0.65703664085723001  0.66577076835085047
  0.67456645382912062  0.68334994446028841  0.69227244361963658  0.70135429983214381
  0.71029287851259404  0.71930380273092542  0.72832104951851062  0.73736439712305779
  0.74633774274919440  0.75562178646849687  0.76516935820881715  0.77490670987196131
  0.78459734831206607  0.79445134302538467  0.80446535122275231  0.81466428984057415
  0.82488467156396272  0.83545823359348670  0.84642512062677255  0.85776909341087082
  0.86962231190324746  0.88254150366358530  0.89639751753415264  0.91113611887018353
  0.92699040064547655  0.94526432960648010  0.96880072316750088  1.00000000000000000
 -0.00242722265424601  0.00966553960889006  0.01986964858300228  0.03011329891091058
  0.04057455173496936  0.05109667726369469  0.06176802249737091  0.07205213342894033
  0.08221903742206810  0.09285724268295970  0.10376774269127066  0.11467753902050391
  0.12536432346766979  0.13612467315333540  0.14671179063853712  0.15706724484543000
  0.16740319332267117  0.17790972589946502  0.18826901699306803  0.19844310349569827
  0.20851484186580427  0.21898886944612053  0.22913485684419660  0.23939748404556238
  0.24975036920735030  0.26033692383490592  0.27081367248128274  0.28116960891252435
  0.29193687957061648  0.30326118919907624  0.31433145353443220  0.32523074262145413
  0.33602315449505471  0.34691214929962227  0.35788271264703969  0.36889481198391039
  0.37986623957269394  0.39064522307370497  0.40126241423650744  0.41196262889696317
  0.42260147281962224  0.43292501122470733  0.44311386855722490  0.45346492315422682
  0.46372578887083027  0.47412906405787791  0.48419935189685376  0.49433800067150574
  0.50450651734249885  0.51490469169897546  0.52528217594329163  0.53563489257601793
  0.54598190624432852  0.55664527935917374  0.56727656667666326  0.57775703762155528
  0.58794469925632298  0.59805946033510171  0.60838911922871242  0.61894794779414275
  0.62945892642214063  0.64010046308149970  0.65077292446335255  0.66150637555858827
  0.67191144817317738  0.68220791162988048  0.69269368236520457  0.70342919083985789
  0.71400551493444209  0.72454513584216285  0.73502273421160680  0.74572831264827844
  0.75624248943635952  0.76685349711662787  0.77732386127611941  0.78783211515836293
  0.79830630879865705  0.80896155367668676  0.81966323632108484  0.83039049731841597
  0.84090118514488699  0.85152866206742883  0.86245591993912718  0.87327955809678903
  0.88374062707124612  0.89384517323280388  0.90447909099998325  0.91519462203505042
  0.92609468050795263  0.93677164498638588  0.94758083130915582  0.95829126794701913
  0.96886996555189775  0.97929961871366822  0.98971451678741784  1.00000000000000000
  0.20477421686623690  0.21059721424312125  0.21963996235714855  0.22913639843285696
  0.23869759228728726  0.24829389019485867  0.25804314580771187  0.26799167195981777
  0.27810509980717851  0.28808798485770326  0.29753580425083426  0.30676499584521194
  0.31593378547559148  0.32501729760614873  0.33420066219859945  0.34341993813661692
  0.35280321162907302  0.36210569033303425  0.37137465518165269  0.38057671127823040
  0.38977457349569855  0.39885177534945238  0.40780945935288448  0.41692236170557562
  0.42595229017537645  0.43490806149345218  0.44367585550674266  0.45237265574632468
  0.46105427153962919  0.46988626582975973  0.47878987968559605  0.48759648710480175
  0.49620886155106564  0.50473001467412004  0.51329115992972152  0.52183262660698304
  0.53035625194977343  0.53894696950389664  0.54766905759299622  0.55640839804445563
  0.56497032187528762  0.57324567284932515  0.58145701019658536  0.58959271734413532
  0.59769766086320852  0.60581794618242180  0.61381631759465183  0.62185319899226643
  0.62981699654149570  0.63777510230280787  0.64566659822670702  0.65356237231448711
  0.66146950043067843  0.66920103673073150  0.67689745716310057  0.68462471123775648
  0.69239423848987558  0.70022464161856757  0.70793676431455621  0.71566586197268800
  0.72330478689688882  0.73093072080688259  0.73853018904627543  0.74620470325634491
  0.75381719637415057  0.76133760088275493  0.76878724940485821  0.77645751332056623
  0.78422711518032728  0.79183756584265286  0.79938344201606149  0.80685231302795324
  0.81426131572543115  0.82164206482411672  0.82904879166787127  0.83651489973948590
  0.84402161384859231  0.85157501046891937  0.85917439926098482  0.86679803823393797
  0.87443212305731555  0.88208892440665121  0.88977754073093795  0.89743389939738771
  0.90513195816463854  0.91283555818599549  0.92047281844198892  0.92800149975582902
  0.93543323923246779  0.94328505578799160  0.95130673049102021  0.95957157729780485
  0.96813891095566218  0.97721826022726166  0.98790822965702962  1.00000000000000000
 -0.01542504765690445  0.09166512226146424  0.12592712898699823  0.14843665110579876
  0.16688749846187889  0.18268946192881702  0.19682421018607718  0.20966540248627402
  0.22146881496707829  0.23245353876203662  0.24279665019426344  0.25267209755584541
  0.26209249049615418  0.27118251268019178  0.27989553267743550  0.28835409040400622
  0.29660141858681832  0.30476854431670941  0.31278111668408742  0.32045058448908414
  0.32785966981252701  0.33514044164691342  0.34232694071695385  0.34947558636613613
  0.35648933695870816  0.36328907451454306  0.36996405645851799  0.37651193774430197
  0.38293725318182348  0.38927271721632151  0.39557315829222450  0.40177168258879015
  0.40804866281565672  0.41436189599837919  0.42067256747201759  0.42690695863109107
  0.43305142316178474  0.43910131085933030  0.44504730454698371  0.45093521750523091
  0.45678268562397695  0.46259953332980980  0.46842592642140324  0.47430171119987674
  0.48021920712290639  0.48612312367732863  0.49197536045531037  0.49776794267139574
  0.50356851332000374  0.50937814703428075  0.51519525659425425  0.52101979008323829
  0.52684548703683554  0.53268015115873890  0.53850138045888751  0.54428271372664649
  0.55008335145494569  0.55599149673317938  0.56198802183731722  0.56801531879207623
  0.57403451880693701  0.58003857928445557  0.58610226448371827  0.59236696489880192
  0.59859298221615131  0.60481563181833686  0.61117322139165930  0.61758853384018564
  0.62408527933036384  0.63065324327578365  0.63728031489437853  0.64400167138754694
  0.65087903486437859  0.65789855111884765  0.66500615217890502  0.67221137722327873
  0.67953817141759121  0.68708382695012826  0.69492881379057914  0.70291141428846604
  0.71107005496790665  0.71954258512121205  0.72834594691287569  0.73758701413742556
  0.74716192638642043  0.75710514811448437  0.76754804643639618  0.77871939941514168
  0.79068031120349003  0.80348715928635916  0.81741807276843248  0.83296055330698660
  0.85121947208158000  0.87353507534978814  0.90782078370200536  1.00000000000000000
   1.9588774531976336E-005  -1.0000000000000000     
 F F F F F F F F F F F F F F F F F F F F F F F F F F F F F F F F
  <DiscreteSampler_grid>
  grouped_processes
  1 # 1 for a reference and 2 for a running grid.
  10 # Attribute 'min_bin_probing_points' of the grid.
  1 # Attribute 'grid_mode' of the grid. 1=='default',2=='initialization'
  0.0000000000000000 # Attribute 'small_contrib_threshold' of the grid.
  0.5000000000000000 # Attribute 'damping_power' of the grid.
 # binID   n_entries weight   weight_sqr   abs_weight
    10   10   4.998374713419213E+005   5.544880888938656E+011   4.998374713419213E+005
  </DiscreteSampler_grid>
