 -0.00404910179482054  0.00266565746456125  0.00533131492912250  0.00799697239368374
  0.01066262985824499  0.01332828732280624  0.01599394478736749  0.01865960225192873
  0.02142886634828559  0.02465594885708160  0.02788303136587761  0.03111011387467362
  0.03433719638346963  0.03756427889226564  0.04079136140106165  0.06409196673884519
  0.06693856297228667  0.06978515920572817  0.07263175543916965  0.07547835167261113
  0.07832494790605263  0.08117154413949411  0.08401814037293560  0.08686473660637711
  0.08971133283981864  0.09255792907326015  0.09540452530670167  0.09825112154014318
  0.10109771777358470  0.10394431400702621  0.10679091024046770  0.10963750647390919
  0.11248410270735067  0.11533069894079215  0.11817729517423364  0.12102389140767512
  0.12387048764111661  0.19913602067525726  0.23354674356565502  0.23934313084134357
  0.24513951811703213  0.25093590539272070  0.25673229266840925  0.26252867994409779
  0.26832506721978633  0.27412145449547493  0.27991784177116358  0.28571422904685218
  0.29151061632254083  0.41126118807281259  0.44005308235325580  0.44329917857149043
  0.44654527478972506  0.44979137100795974  0.45303746722619437  0.45628356344442905
  0.45952965966266368  0.46277575588089837  0.46602185209913305  0.46926794831736779
  0.47251404453560247  0.47576014075383716  0.47900623697207184  0.48140847809440263
  0.48376684557896954  0.48612521306353645  0.48848358054810337  0.49084194803267028
  0.49320031551723720  0.49555868300180411  0.49791705048637103  0.50039003659256787
  0.50372986810236653  0.50706969961216530  0.51040953112196397  0.51374936263176263
  0.51708919414156140  0.52042902565136007  0.52323410346560284  0.52596553002039159
  0.52869695657518023  0.53142838312996898  0.53415980968475774  0.53689123623954638
  0.53962266279433513  0.54258781804427070  0.54624794942773658  0.54990808081120246
  0.55356821219466834  0.55722834357813422  0.56088847496160010  0.63129002547266855
  0.75007643541645308  0.75037974516550698  0.75037974516551698  1.00000000000000000
  0.02135371764500933  0.25241747704032574  0.25483495408065143  0.25725243112097718
  0.25966990816130286  0.26208738520162861  0.26450486224195430  0.26692233928228004
  0.26933981632260573  0.27195571533937707  0.27489234965597781  0.27782898397257855
  0.28076561828917934  0.28370225260578008  0.28663888692238088  0.28957552123898161
  0.32518369142799158  0.44159828468267071  0.55801287793734988  0.56519562973304893
  0.56799932605170966  0.57080302237037051  0.57360671868903135  0.57641041500769219
  0.57921411132635292  0.58201780764501376  0.58482150396367460  0.58762520028233545
  0.59042889660099629  0.59323259291965713  0.59603628923831797  0.59883998555697882
  0.60164368187563966  0.60436528245440935  0.60634902126847223  0.60833276008253512
  0.61031649889659800  0.61230023771066078  0.61428397652472366  0.61626771533878655
  0.61825145415284943  0.62023519296691221  0.62221893178097509  0.62420267059503798
  0.62668705986096418  0.62950791251281424  0.63232876516466441  0.63514961781651447
  0.63797047046836464  0.64079132312021481  0.64361217577206487  0.64643302842391503
  0.64925388107576520  0.65207473372761537  0.65489558637946554  0.65771643903131571
  0.66053729168316577  0.66335814433501594  0.66617899698686611  0.69083648594769376
  0.69598409972806174  0.70113171350842973  0.70627932728879772  0.71142694106916582
  0.71657455484953392  0.72172216862990191  0.72686978241027000  0.73201739619063799
  0.73716500997100598  0.74231262375137408  0.74746023753174207  0.80897721987725890
  0.91688442964475447  0.91978991537166055  0.92269540109856663  0.92560088682547270
  0.92850637255237878  0.93141185827928485  0.93431734400619093  0.93722282973309701
  0.94012831546000308  0.94303380118690916  0.94593928691381524  0.94884477264072142
  0.95175025836762750  0.95465574409453358  0.95756122982143965  0.96046272786213305
  0.96336278269845954  0.96626283753478603  0.96916289237111253  0.97206294720743902
  0.97496300204376551  0.97786305688009190  0.98656336914914666  1.00000000000000000
  0.13474803765614823  0.13659796296363530  0.13844788827112237  0.14029781357860943
  0.14214773888609650  0.14399766419358356  0.14586053384789890  0.14939015844257142
  0.15291978303724393  0.15644940763191645  0.15997903222658896  0.16350865682126148
  0.16724692225024959  0.17275823304469032  0.17826954383913104  0.18378085463357177
  0.18929216542801247  0.19480347622245320  0.20031478701689392  0.20582609781133465
  0.23033218125502453  0.23350397850912435  0.23667577576322418  0.23984757301732401
  0.24301937027142387  0.24619116752552370  0.24936296477962352  0.25253476203372338
  0.25570655928782321  0.25887835654192304  0.26205015379602287  0.26522195105012270
  0.26839374830422252  0.27156554555832235  0.27473734281242224  0.27790914006652206
  0.28108093732062195  0.28425273457472183  0.28742453182882166  0.29059632908292155
  0.36938088016998383  0.37793491086272057  0.38101749375450983  0.38410007664629908
  0.38718265953808834  0.39026524242987759  0.39334782532166684  0.39625840582843946
  0.39845297345271297  0.40064754107698652  0.40284210870126003  0.40503667632553358
  0.40723124394980709  0.40942581157408064  0.41162037919835415  0.41381494682262771
  0.41600951444690126  0.41820408207117477  0.42039864969544827  0.42259321731972177
  0.42478778494399527  0.42698235256826877  0.42917692019254228  0.43137148781681578
  0.43356605544108934  0.43576062306536284  0.43813562675734929  0.44120011365165557
  0.44426460054596184  0.44732908744026806  0.45039357433457433  0.45345806122888060
  0.45652254812318682  0.50014560943655639  0.50284802510164084  0.50555044076672540
  0.50825285643180995  0.51095527209689451  0.51365768776197906  0.51636010342706362
  0.51906251909214818  0.52159434493928025  0.52380190885284095  0.52600947276640164
  0.52821703667996234  0.53042460059352303  0.53263216450708373  0.53483972842064442
  0.53704729233420512  0.53925485624776592  0.54146242016132662  0.64811069305066260
  0.76540712870043603  0.87561496362515601  0.87666309277216603  1.00000000000000000
  0.10659414132436124  0.17161293043201542  0.17655919419736410  0.18150545796271275
  0.18645172172806143  0.19199464985107736  0.19769803785339252  0.20340142585570770
  0.22469791101266293  0.29356546978678333  0.29781861646182234  0.30207176313686135
  0.30632490981190036  0.31057805648693931  0.31483120316197832  0.31908434983701733
  0.32333749651205634  0.32759064318709530  0.33184378986213431  0.33609693653717332
  0.34035008321221238  0.34460322988725145  0.34885637656229046  0.35310952323732953
  0.41741661382166773  0.42061020082773781  0.42380378783380790  0.42699737483987799
  0.43019096184594807  0.43338454885201816  0.43657813585808825  0.43911838726392777
  0.44139351536974269  0.44366864347555768  0.44594377158137261  0.44821889968718753
  0.45049402779300252  0.45276915589881744  0.45504428400463237  0.45731941211044735
  0.45959454021626228  0.46186966832207726  0.46414479642789225  0.46641992453370718
  0.46869505263952216  0.47097018074533714  0.47324530885115212  0.47552043695696711
  0.47779556506278203  0.48042820988464896  0.48360308631338561  0.48677796274212221
  0.48995283917085880  0.49312771559959540  0.49630259202833199  0.49947746845706864
  0.52301253284690485  0.52629836110213324  0.52958418935736173  0.53287001761259012
  0.53615584586781850  0.53944167412304700  0.54272750237827538  0.54601333063350377
  0.54929915888873215  0.55258498714396054  0.55587081539918892  0.55915664365441731
  0.56244247190964569  0.56572830016487408  0.56901412842010246  0.57229995667533096
  0.57558578493055934  0.57887161318578773  0.58215744144101611  0.66101834754483424
  0.66933638010889440  0.67213684187211187  0.67493730363532933  0.67773776539854669
  0.68053822716176415  0.68333868892498162  0.68613915068819908  0.68867647051893965
  0.69096504526737346  0.69325362001580737  0.69554219476424128  0.69783076951267520
  0.70011934426110911  0.70240791900954302  0.70469649375797694  0.70698506850641074
  0.75804046113335788  0.87902023056667433  0.97095036904017129  1.00000000000000000
   1.7641184381836570E-005  -1.0000000000000000     
 F F F F F F F F F F F F F F F F
  <DiscreteSampler_grid>
  grouped_processes
  1 # 1 for a reference and 2 for a running grid.
  10 # Attribute 'min_bin_probing_points' of the grid.
  1 # Attribute 'grid_mode' of the grid. 1=='default',2=='initialization'
  0.0000000000000000 # Attribute 'small_contrib_threshold' of the grid.
  0.5000000000000000 # Attribute 'damping_power' of the grid.
 # binID   n_entries weight   weight_sqr   abs_weight
    10   10   4.955468772341763E+008   3.387603295839734E+017   4.955468772341763E+008
  </DiscreteSampler_grid>
