  0.07323043484151738  0.33488354780237639  0.33643376227141958  0.33798397674046277
  0.33953419120950590  0.34108440567854909  0.34263462014759222  0.34418483461663540
  0.34573504908567854  0.34728526355472172  0.34883547802376486  0.35038569249280804
  0.35193590696185117  0.35348612143089436  0.35525317355361657  0.35718990838615755
  0.35912664321869853  0.36106337805123950  0.36300011288378048  0.36493684771632146
  0.36687358254886243  0.36881031738140341  0.37074705221394438  0.37268378704648536
  0.37462052187902634  0.41763816461358072  0.41998236508622133  0.42232656555886194
  0.42467076603150256  0.42701496650414317  0.42935916697678383  0.43170336744942445
  0.43404756792206506  0.43639176839470567  0.43873596886734628  0.44108016933998689
  0.44342436981262756  0.44576857028526817  0.44811277075790878  0.45045697123054940
  0.45280117170319001  0.45514537217583062  0.45748957264847129  0.45983377312111190
  0.46217797359375257  0.46452217406639318  0.46686637453903385  0.46921057501167451
  0.47155477548431513  0.47389897595695579  0.47624317642959640  0.47858737690223707
  0.55967795414216726  0.62595571921044868  0.62841160212152791  0.63086748503260714
  0.63332336794368638  0.63577925085476561  0.63823513376584484  0.64069101667692407
  0.64314689958800331  0.64560278249908254  0.64805866541016177  0.65051454832124100
  0.65297043123232035  0.65542631414339958  0.65788219705447881  0.66033807996555816
  0.66279396287663739  0.66524984578771662  0.66770572869879585  0.67016161160987509
  0.67261749452095432  0.67507337743203355  0.67752926034311278  0.67998514325419201
  0.68244102616527125  0.68489690907635048  0.68735279198742971  0.71308158224650364
  0.71945301285093455  0.72582444345536545  0.73219586058369235  0.73856726284339458
  0.74493866510309670  0.75131006736279893  0.75768146962250116  0.76405287188220339
  0.77042427414190551  0.81458672983018920  0.82598532674768144  0.83705054302347959
  0.84751098741419206  0.89306280636469293  0.90475298941384330  1.00000000000000000
 -0.00416270677975065  0.00116464345694277  0.00232928691388555  0.00349393037082832
  0.00465857382777109  0.00582321728471387  0.00698786074165664  0.00815250419859942
  0.00931714765554219  0.01048179111248497  0.01164643456942774  0.01281107802637051
  0.01397572148331329  0.01514036494025606  0.01630500839719884  0.01746965185414161
  0.01863429531108438  0.01979893876802716  0.02093092965999143  0.02180360444313783
  0.02267627922628423  0.02354895400943063  0.02442162879257704  0.02529430357572344
  0.02616697835886984  0.02703965314201624  0.02791232792516264  0.02878500270830904
  0.02965767749145544  0.03053035227460184  0.03140302705774824  0.03227570184089464
  0.03314837662404105  0.03402105140718745  0.03489372619033385  0.03576640097348025
  0.03663907575662665  0.03751175053977305  0.03838442532291945  0.03925710010606585
  0.04012977488921225  0.04100244967235866  0.04195176191385292  0.04314526700858096
  0.04433877210330899  0.04553227719803703  0.04672578229276506  0.04791928738749310
  0.04911279248222113  0.05030629757694917  0.05149980267167720  0.05269330776640524
  0.05388681286113327  0.05508031795586130  0.05627382305058934  0.05746732814531737
  0.05866083324004541  0.05985433833477345  0.06104784342950148  0.06224134852422952
  0.06343485361895755  0.06462835871368558  0.06582186380841362  0.06701536890314166
  0.06820887399786969  0.06940237909259772  0.07059588418732576  0.07178938928205379
  0.07298289437678183  0.07417639947150986  0.07536990456623791  0.07656340966096593
  0.07775691475569398  0.07895041985042200  0.08014392494515005  0.08133743003987808
  0.08253093513460612  0.10912163052226490  0.18781741521454154  0.26651319990681815
  0.34520898459909494  0.42390476929137166  0.50260055398364833  0.58129633867592501
  0.65999212336820179  0.73868790806047846  0.81738369275275513  0.89607947744503169
  0.94083928530486405  0.94788920695020762  0.95493912859555119  0.95927688041365289
  0.96109647781496910  0.96291607521628519  0.96425396601359037  1.00000000000000000
  0.00394671758015949  0.01383765065484028  0.02472073909017999  0.03800113453567484
  0.12989811602413087  0.16774923419618501  0.17056396681625180  0.17337869943631862
  0.17619343205638541  0.17900816467645222  0.18182289729651901  0.18463762991658583
  0.18745236253665262  0.19026709515671941  0.19308182777678623  0.19589656039685302
  0.19871129301691984  0.20152602563698663  0.20434075825705345  0.20715549087712024
  0.20997022435561591  0.21278495845180359  0.21559969254799127  0.21841442664417898
  0.22122916074036666  0.22404389483655435  0.22685862893274203  0.25110490337633778
  0.35462127350927386  0.35756715224922037  0.36051303098916693  0.36345890972911343
  0.36640478846905994  0.36935066720900644  0.37229654594895301  0.37524242468889951
  0.37818830342884602  0.38113418216879252  0.38408006090873903  0.38702593964868559
  0.38997181838863210  0.39291769712857860  0.39586357586852511  0.39880945460847167
  0.40175533334841823  0.40470121208836479  0.40764709082831135  0.41059296956825786
  0.41353884830820442  0.41648472704815098  0.52102829230090308  0.52336333955244552
  0.52569838680398784  0.52803343405553027  0.53036848130707259  0.53270352855861502
  0.53503857581015735  0.53737362306169978  0.53970867031324210  0.54204371756478453
  0.54437876481632685  0.54671381206786918  0.54904885931941161  0.55138390657095393
  0.55371895382249625  0.55605400107403868  0.55838904832558101  0.56072409557712333
  0.56305914282866576  0.56539419008020808  0.56772923733175040  0.57006428458329272
  0.57239933183483516  0.57473437908637748  0.57706942633791980  0.57940447358946223
  0.58173952084100455  0.58571242251844624  0.59320705980281452  0.60070169708718280
  0.60819633437155107  0.61569097165591924  0.62318560894028741  0.63068024622465557
  0.63817488350902385  0.64566952079339202  0.76503807298382964  0.88690652809008430
  0.96083227329842313  0.96686978305030225  0.97290729280218147  0.97894480255406069
  0.98423012364504625  0.98948674909669743  0.99474337454834849  1.00000000000000000
  0.02486967643102010  0.02647838030728797  0.02808708418355584  0.02969578805982371
  0.03130449193609158  0.03291319581235944  0.03452189968862731  0.03613060356489518
  0.03773930744116305  0.03934801131743092  0.04095671519369878  0.04303571700195831
  0.04548622124884871  0.04793672549573910  0.05038722974262950  0.05283773398951989
  0.05528823823641029  0.05773874248330069  0.06018924673019108  0.06880251141498764
  0.16689860152289668  0.16892498542669129  0.17095136933048591  0.17297775323428052
  0.17500413713807514  0.17703052104186975  0.17905690494566440  0.18108328884945901
  0.18310967275325363  0.18513605665704824  0.18716244056084286  0.18918882446463747
  0.19121520836843209  0.19324159227222670  0.19526797617602132  0.19729436007981593
  0.19932074398361055  0.20134712788740516  0.20337351179119978  0.20539989569499439
  0.20742627959878901  0.20945266350258365  0.21147904740637830  0.21350543131017291
  0.21553181521396755  0.21755819911776220  0.21958458302155684  0.22161096692535148
  0.22363735082914613  0.22566373473294074  0.22769011863673538  0.25915315382590109
  0.29347822197139661  0.29604490862257443  0.29861159527375225  0.30117828192493007
  0.30374496857610789  0.30631165522728571  0.30887834187846352  0.31144502852964134
  0.31401171518081916  0.31657840183199698  0.31914508848317480  0.32171177513435256
  0.32427846178553038  0.32684514843670820  0.32941183508788602  0.33197852173906384
  0.33454520839024166  0.33711189504141953  0.33967858169259735  0.34224526834377522
  0.34481195499495304  0.34737864164613091  0.34994532829730873  0.35251201494848655
  0.39343594034300589  0.44148667287267163  0.44811700566040580  0.45474733844813997
  0.46137765774757178  0.46800796115882531  0.47463826457007885  0.48126856798133238
  0.48789887139258581  0.49452917480383929  0.50676341232041222  0.59114255989531139
  0.63321044577598906  0.64504729341181155  0.65597740404656923  0.66846032898576158
  0.77897355265716928  0.88948677632857698  0.92673290173212686  1.00000000000000000
 -0.00181186596552530  0.20995038023783105  0.21156742714232885  0.21318447404682664
  0.21480152095132443  0.21641856785582222  0.21803561476032002  0.21965266166481781
  0.22126970856931560  0.22288675547381337  0.22450380237831116  0.22612084928280896
  0.22773789618730675  0.22940128376165331  0.23141633608120205  0.23343138840075081
  0.23544644072029958  0.23746149303984831  0.23947654535939708  0.24149159767894585
  0.24350664999849458  0.24552170231804335  0.24753675463759209  0.24955180695714085
  0.25923899443471538  0.27112076163802445  0.28300252884133364  0.31576253528590659
  0.35467883796391969  0.42824225213725142  0.50087039738545702  0.50331527693016309
  0.50576015647486916  0.50820503601957534  0.51064991556428141  0.51309479510898759
  0.51553967465369366  0.51798455419839984  0.52042943374310591  0.52287431328781209
  0.52531919283251816  0.52776407237722434  0.53020895192193052  0.53265383146663658
  0.53509871101134276  0.53754359055604894  0.53998847010075501  0.54243334964546119
  0.54487822919016726  0.54732310873487344  0.54976798827957951  0.55221286782428558
  0.55465774736899176  0.55710262691369783  0.55954750645840401  0.56199238600311008
  0.65079176749114764  0.66886307014362723  0.67142438305476981  0.67398569596591240
  0.67654700887705499  0.67910832178819758  0.68166963469934028  0.68423094761048286
  0.68679226052162545  0.68935357343276804  0.69191488634391063  0.69447619925505322
  0.69703751216619581  0.69959882507733850  0.70216013798848109  0.70472145089962368
  0.70728276381076627  0.70984407672190886  0.71240538963305156  0.71496670254419414
  0.71752801545533684  0.72008932836647943  0.72265064127762202  0.72521195418876472
  0.72777326709990731  0.75178695643488791  0.75842959555304013  0.76507223467119223
  0.77171487378934445  0.77835751290749677  0.78500015202564899  0.79164279114380121
  0.79828543026195342  0.80492806938010564  0.81157070849825785  0.90833817007511441
  0.96508574150788051  0.97733351604572538  0.98874073412626917  1.00000000000000000
  0.32836806376775107  0.48018308791945580  0.48254794177054477  0.48491279562163381
  0.48727764947272278  0.48964250332381182  0.49200735717490079  0.49437221102598977
  0.49673706487707880  0.49910191872816778  0.50146677345242863  0.50383162871131870
  0.50619648397020867  0.50856133922909863  0.51092619448798871  0.51329104974687867
  0.51565590500576863  0.51802076026465871  0.52038561552354867  0.52275047078243875
  0.52511532604132871  0.52748018130021879  0.52984503655910875  0.53220989181799883
  0.53457474707688890  0.53693960233577886  0.53930445759466894  0.54179000575585790
  0.60528253729168857  0.60785305727105587  0.61042357725042307  0.61299409722979037
  0.61556461720915767  0.61813513718852497  0.62070565716789228  0.62327617714725958
  0.62584669712662677  0.62841721710599407  0.63098773708536138  0.63355825706472868
  0.63612877704409598  0.63869929702346329  0.64126981700283048  0.64384033698219778
  0.64641085696156508  0.64898137694093239  0.65155189692029969  0.65412241689966699
  0.65669293687903429  0.65926345685840171  0.66183397683776901  0.66440449681713631
  0.67988899508085099  0.79011518301986561  0.79388924455385157  0.79614355285399829
  0.79839786115414502  0.80065216945429174  0.80290647775443846  0.80516078605458530
  0.80741509435473202  0.80966940265487874  0.81192371095502547  0.81417801925517219
  0.81643232755531892  0.81868663585546575  0.82094094415561247  0.82319525245575920
  0.82544956075590592  0.82770386905605264  0.82995817735619937  0.83221248565634620
  0.83446679395649292  0.83672110225663965  0.83897541055678648  0.84122971885693321
  0.84348402715707993  0.84573833545722676  0.84799264375737349  0.85024695205752032
  0.85250126035766705  0.87582427368929849  0.88723626871302830  0.89864826373675821
  0.91006025876048813  0.92147225378421793  0.93288424880794774  0.96050015989503346
  0.96583021548686632  0.97116027107869918  0.97649032667053204  0.98147274344313551
  0.98610455758235160  0.99073637172156770  0.99536818586078379  1.00000000000000000
  0.00491576989491779  0.02626333369046946  0.03832302198915320  0.05038299564257941
  0.06244307876366173  0.07450316188474405  0.08514335437150743  0.09190174481208525
  0.09866013525266307  0.10541852569324088  0.11217691613381862  0.11893530657439638
  0.12569369701497413  0.13245208745555187  0.13921047789612961  0.14808908252868522
  0.26057097590442191  0.29347570479573332  0.29597593244381104  0.29847616009188876
  0.30097638773996649  0.30347661538804427  0.30597684303612199  0.30847707068419972
  0.31097729833227744  0.31347752598035517  0.31597775362843289  0.31847798127651067
  0.32097820892458839  0.32347843657266612  0.32597866422074384  0.32847889186882157
  0.33097911951689929  0.33347934716497707  0.33597957481305479  0.33847980246113257
  0.34098003010921035  0.34348025775728808  0.34598048540536586  0.34848071305344364
  0.35098094070152136  0.35348116834959914  0.43580890883347140  0.43953680694507791
  0.44160470335032820  0.44367259975557843  0.44574049616082873  0.44780839256607902
  0.44987628897132925  0.45194418537657954  0.45401208178182978  0.45607997818708007
  0.45814787459233036  0.46021577099758060  0.46228366740283089  0.46435156380808118
  0.46641946021333147  0.46848735661858176  0.47055525302383205  0.47262314942908235
  0.47469104583433264  0.47675894223958293  0.47882683864483322  0.48089473505008351
  0.48296263145533380  0.48503052786058404  0.48709842426583433  0.48916632067108456
  0.49123421707633486  0.49330211348158515  0.49537000988683538  0.49743790629208567
  0.49950580269733591  0.56303778985675890  0.56565643516245490  0.56827508046815089
  0.57089372577384689  0.57351237107954289  0.57613101638523878  0.57874966169093478
  0.58136830699663078  0.58386773870545317  0.58600876916115652  0.58814979961685987
  0.59029083007256333  0.59243186052826668  0.59457289098397004  0.59671392143967339
  0.59885495189537674  0.60099598235108009  0.60313701280678345  0.66255431987277646
  0.77503621324851302  0.88751810662424979  0.93468130032221475  1.00000000000000000
   5.6023386288099374E-007  -1.0000000000000000     
 F F F F F F F F F F F F F F F F F F F F F F F F F F F F F F F F
  <DiscreteSampler_grid>
  grouped_processes
  1 # 1 for a reference and 2 for a running grid.
  10 # Attribute 'min_bin_probing_points' of the grid.
  1 # Attribute 'grid_mode' of the grid. 1=='default',2=='initialization'
  0.0000000000000000 # Attribute 'small_contrib_threshold' of the grid.
  0.5000000000000000 # Attribute 'damping_power' of the grid.
 # binID   n_entries weight   weight_sqr   abs_weight
    10   10   3.240167581807575E+007   5.787795761663462E+015   3.240167581807575E+007
  </DiscreteSampler_grid>
