 -0.00181189423608018  0.00823309585592415  0.01715787805566672  0.02636522216747868
  0.03595274041063506  0.04565706592706966  0.05527660134115681  0.06522829324611523
  0.07520930726950055  0.08527771229624261  0.09535011166984261  0.10546441809075142
  0.11564425531064350  0.12591723616228814  0.13630864063519835  0.14673731076607271
  0.15718255803344192  0.16778145042665038  0.17835800617189901  0.18859746068460584
  0.19847759944076640  0.20836012079467961  0.21849887200009760  0.22899318145876504
  0.23979061051316147  0.25059728413515764  0.26121818942682068  0.27171370714694026
  0.28243602525763772  0.29337383301057257  0.30438002977716472  0.31533671660291235
  0.32633561588290089  0.33752467551558912  0.34887438392926046  0.36022049291909020
  0.37156515230451026  0.38296994036329363  0.39442332877103314  0.40584620755516149
  0.41716280725608484  0.42861586375968502  0.43999430763523723  0.45126225125648373
  0.46219637484547837  0.47294885635602074  0.48373673037721532  0.49444857914722545
  0.50550066794884962  0.51650893182255742  0.52801561254889662  0.53917600944261002
  0.55033049357219332  0.56157142282558714  0.57286685816831384  0.58444579133728480
  0.59609621635525400  0.60807166584744976  0.61985037604256610  0.63149766366343829
  0.64278448281849399  0.65375904521071582  0.66465516250229606  0.67565118766803378
  0.68643878150222404  0.69704589467814104  0.70741070058750211  0.71769445452794556
  0.72810477362279258  0.73864532449994491  0.74951320347434014  0.76036548840149698
  0.77097900410185705  0.78133309785363592  0.79164687202565420  0.80211167882377632
  0.81246241647453610  0.82270382163925704  0.83295026680962103  0.84341211501936864
  0.85402491489240895  0.86443931487107539  0.87465750649714780  0.88479311108467484
  0.89490634681652348  0.90472412393459201  0.91411403432728566  0.92351064120931703
  0.93319682604791043  0.94289934184037294  0.95262769979807704  0.96239584466149242
  0.97190233346783672  0.98171339353126985  0.99079046726378539  1.00000000000000000
 -0.00255563421695270  0.00989049700878171  0.02031917092980815  0.03109951935570798
  0.04176027241420121  0.05215885023152949  0.06245771314256146  0.07283169860275118
  0.08329487363406471  0.09420719306745676  0.10524512455978709  0.11608152642291732
  0.12665525632318833  0.13747324792685270  0.14845801088198246  0.15991133269963598
  0.17090050735846368  0.18175684414753246  0.19225041804063644  0.20260825601977742
  0.21260922290871828  0.22239627239648202  0.23239735896259944  0.24257049443089573
  0.25303250754985279  0.26380504463763904  0.27491048582570365  0.28602206991169149
  0.29669411187795808  0.30731396826850343  0.31786205437418458  0.32828261551997368
  0.33866678600591982  0.34877194582575433  0.35900998248817390  0.36919274972571603
  0.37938545414139069  0.39014584410350284  0.40101213965008264  0.41201925053181548
  0.42279208826408865  0.43352589349040421  0.44416550780291869  0.45484028689176503
  0.46533854585902218  0.47580681024373778  0.48641371532650979  0.49713949938601582
  0.50760039714455152  0.51779310955748969  0.52820783421617223  0.53853651858936369
  0.54849577952357864  0.55828599011446400  0.56827978286665759  0.57873376077195970
  0.58944231870133212  0.60036499400268462  0.61111646294630728  0.62178081998954959
  0.63237647028836763  0.64304940634930519  0.65350553914780296  0.66383237403569439
  0.67418308252254200  0.68462755324943358  0.69520918553406164  0.70585047544177704
  0.71688916131633307  0.72756035412589570  0.73818259658786045  0.74838970024900886
  0.75919393161614301  0.76995096935849716  0.78060904324596325  0.79103030546091535
  0.80174024522170406  0.81251398018321397  0.82349830280507808  0.83439113947462951
  0.84523076580461853  0.85594778116478420  0.86632845922000778  0.87673605156545420
  0.88698683541297985  0.89731101185607476  0.90772476349801656  0.91826067529378352
  0.92889964011417914  0.93940178477164837  0.95004585003077213  0.96040277270196717
  0.97022925408750094  0.98011168606519916  0.98993576750573220  1.00000000000000000
 -0.00052574310319464  0.01634310152108934  0.03078468711074467  0.04339484584109141
  0.05497202638789741  0.06573057007670668  0.07585105635120856  0.08548973977947694
  0.09445693344063562  0.10331360297132214  0.11191082519203903  0.12049283028407251
  0.12891191297767263  0.13717676185620079  0.14518098238409993  0.15307318504821307
  0.16081584232939047  0.16872217942033230  0.17653662248597377  0.18438336119073365
  0.19203991076805782  0.19960762385664998  0.20704643595253067  0.21451488022299123
  0.22206809619572218  0.22965077988603683  0.23716825674909506  0.24467995156485772
  0.25224803057840672  0.25978904820187154  0.26721266302596658  0.27453459358147969
  0.28178519534229496  0.28901664204430533  0.29637220366706524  0.30382809498530650
  0.31142876964146671  0.31910880625441285  0.32685622341241477  0.33452798173322323
  0.34224557983087361  0.34987933326480819  0.35748479244692904  0.36507760373117043
  0.37264298861957251  0.38030668271010726  0.38796004267410383  0.39562606058836125
  0.40343370311454319  0.41129759636463137  0.41922234344398795  0.42720550011710468
  0.43512791105524884  0.44296621978092593  0.45073137713839412  0.45856108404863333
  0.46659665749843526  0.47464971261489114  0.48272220873639798  0.49108224593805133
  0.49919538178514372  0.50770700882993069  0.51633301207744997  0.52510175648600976
  0.53403423835468855  0.54290762421314864  0.55181668500394465  0.56086538198476410
  0.57007578781477630  0.57920796152219967  0.58841598620884650  0.59762429934354999
  0.60698052033536898  0.61645073204218037  0.62615137062391557  0.63618723183094850
  0.64644709391837418  0.65691675549038020  0.66760643883002457  0.67867636173536139
  0.68999106514884878  0.70170401994153930  0.71331141219776173  0.72535052252086962
  0.73780045703499553  0.75081153725845606  0.76428349484868896  0.77863565725131489
  0.79396840455623430  0.81042777440478753  0.82803755630720555  0.84690245248512086
  0.86769058619558925  0.89340433674607145  0.93012678495342516  1.00000000000000000
 -0.02104634015294588  0.14362236158358224  0.19456893509727374  0.22717187042131590
  0.25223082870067565  0.27313263358929907  0.29137546898734029  0.30795954325734876
  0.32333275234016845  0.33753158018242735  0.35078373078265956  0.36315562588650413
  0.37514855070818326  0.38618242132766889  0.39667024926631889  0.40662916441539854
  0.41618849133782976  0.42529982158273322  0.43417731647039215  0.44294698552995987
  0.45151989359766675  0.45981117531837090  0.46772923491881657  0.47540962338078818
  0.48298747374110523  0.49036069730224668  0.49766615485690241  0.50475774395045070
  0.51170294031403685  0.51852947867515786  0.52515500246967328  0.53150394795016598
  0.53781040361224219  0.54397021162192916  0.54992143899682544  0.55574576489178107
  0.56147139141866187  0.56711758737516149  0.57273521641204883  0.57836160514021273
  0.58398098906461282  0.58958567619269220  0.59519806937643616  0.60076664861863915
  0.60617693386755289  0.61146213130587201  0.61664219525794473  0.62183901215539095
  0.62703384612748680  0.63225157660187170  0.63742040164801117  0.64256960447068867
  0.64769454047889119  0.65276251881686920  0.65776042657453437  0.66269588554708192
  0.66759819435715095  0.67255309895897530  0.67752085259153261  0.68247160316404143
  0.68743595251675182  0.69240103975271206  0.69735213908363103  0.70231331267239727
  0.70727601591410616  0.71223886678254189  0.71724378360378782  0.72223718471786047
  0.72718955600463409  0.73216214223087561  0.73730345451535428  0.74247177102411366
  0.74775288560058606  0.75307511968580843  0.75842531201920049  0.76382071048599198
  0.76926069676170372  0.77483541077201279  0.78066759396809648  0.78649009901312750
  0.79244671452741300  0.79860293469754329  0.80487187739229105  0.81134771278483042
  0.81819433675766684  0.82532785916530937  0.83274315366051144  0.84064467617455652
  0.84891314779749494  0.85816942280019759  0.86823235051649961  0.87955192574606278
  0.89247074743286914  0.90996983189645408  0.93695983108589054  1.00000000000000000
   1.4586587848763598E-004  -1.0000000000000000     
 F F F F F F F F F F F F F F F F
  <DiscreteSampler_grid>
  grouped_processes
  1 # 1 for a reference and 2 for a running grid.
  10 # Attribute 'min_bin_probing_points' of the grid.
  1 # Attribute 'grid_mode' of the grid. 1=='default',2=='initialization'
  0.0000000000000000 # Attribute 'small_contrib_threshold' of the grid.
  0.5000000000000000 # Attribute 'damping_power' of the grid.
 # binID   n_entries weight   weight_sqr   abs_weight
    10   10   2.443126875200732E+008   6.137279642231213E+016   2.443126875200732E+008
    11   10   2.443126875200732E+008   6.137279642231214E+016   2.443126875200732E+008
  </DiscreteSampler_grid>
