  0.00806244102541439  0.01763047844570043  0.02965904969457040  0.04148229660581684
  0.05268377029829727  0.06368467742527620  0.07454428613384081  0.08516437030277996
  0.09555386262057310  0.10590838036727046  0.11624716155370324  0.12635901971311059
  0.13657289664894276  0.14680930522611410  0.15747688298102575  0.16820731072522133
  0.17903493829096934  0.18968253587301834  0.20020258073012839  0.21046903870822084
  0.22068822547744990  0.23074285041186715  0.24074078142662583  0.25067176890755011
  0.26060472410911134  0.27039482482971905  0.28020517778044657  0.29023157324383853
  0.30059749893803805  0.31103627550174351  0.32134911731912147  0.33178985411692336
  0.34262092982573927  0.35369129068555533  0.36454864728634528  0.37535673523291885
  0.38617102137284909  0.39703123199626517  0.40768391285681421  0.41802381213437972
  0.42802285416011876  0.43811876719527099  0.44834654688555753  0.45861794719690402
  0.46870693049202822  0.47866433933686375  0.48880878672387329  0.49897975505264103
  0.50913269087697344  0.51912086797179458  0.52891377890493352  0.53839765944115203
  0.54789061822332152  0.55777583694297417  0.56813582150767450  0.57869084413595395
  0.58887621111065125  0.59924545230849680  0.60985376669391456  0.62060451674847417
  0.63105913675595748  0.64117559252023149  0.65150784833024988  0.66169642226587200
  0.67183862296405827  0.68180890232820845  0.69215172735297570  0.70289771082885633
  0.71366676013204700  0.72473293746336565  0.73587281890033474  0.74676946531716237
  0.75718793782237614  0.76741712706172416  0.77754598145069453  0.78758005032525880
  0.79765977710836533  0.80782737687729644  0.81797861172400033  0.82799140444889341
  0.83799742965013069  0.84815891488116346  0.85833718141372750  0.86857008573044936
  0.87899774061651847  0.88944788345442471  0.89981009732228601  0.91005701526569449
  0.92026821913382240  0.93057160109886927  0.94079506822611580  0.95090539956118147
  0.96099672429824778  0.97083759906145006  0.98059693056508035  1.00000000000000000
  0.00720451848209979  0.02128098836832268  0.03652322309139681  0.04963926967315893
  0.06130494897317196  0.07229173310969558  0.08301235898277713  0.09377887681605705
  0.10470695028899599  0.11517581486144389  0.12544557177792415  0.13564588721832685
  0.14598076471958851  0.15627414673348336  0.16651453625638457  0.17719740536465975
  0.18816007648974359  0.19936318753596469  0.21056360486397815  0.22130389050066393
  0.23192128118444219  0.24254446279643324  0.25304137703048984  0.26335763015013380
  0.27364381170115593  0.28391328970198609  0.29426525427643907  0.30463925940624664
  0.31512343949403515  0.32556272196933606  0.33622615757164959  0.34665845405689710
  0.35703397784202157  0.36690593177526504  0.37694175878299507  0.38711869618395378
  0.39753634682839639  0.40797866122232590  0.41840645950146432  0.42865729518149975
  0.43876195353317371  0.44865274987836240  0.45832212933282052  0.46801458132756180
  0.47773202182462460  0.48765772845906935  0.49783546218177410  0.50826302897356912
  0.51889756112955654  0.52961890306549397  0.54043813297243759  0.55103272003338521
  0.56104956011338070  0.57071844976566244  0.58064418248183824  0.59108061946295742
  0.60174329759057410  0.61209199089634780  0.62229162579696184  0.63238310669192688
  0.64254658091065175  0.65265492797803437  0.66268457727092289  0.67276066011779168
  0.68285024376464920  0.69320336366516888  0.70370166120896960  0.71427465256242673
  0.72470595515097835  0.73519145046219259  0.74581866255437024  0.75651920113924453
  0.76729393757146613  0.77773323525911930  0.78797133451218349  0.79839629414264590
  0.80873401771699771  0.81900044648622750  0.82911199258663071  0.83937441963295145
  0.84972778767127966  0.85989315138034383  0.86992791214150533  0.88018732852729664
  0.89035827254781541  0.90093253847691801  0.91120853885505071  0.92134989602915940
  0.93120593871795454  0.94113476466176060  0.95132791793519755  0.96113536706085223
  0.97097475913220266  0.98043874063361425  0.99164800381179030  1.00000000000000000
 -0.00234670928463004  0.00979706524306701  0.02007559097225837  0.03065956487750377
  0.04146299303088233  0.05212069127154931  0.06269751165751793  0.07327556098888668
  0.08383023969655065  0.09429973766076054  0.10468894571793838  0.11493966744813376
  0.12550425678696592  0.13615854230464844  0.14669806769379415  0.15707399359155982
  0.16739006311604127  0.17773199250995719  0.18820753524611189  0.19884739816248551
  0.20963550864932581  0.22017313828412696  0.23056072281301121  0.24102522724544898
  0.25173260203474368  0.26233442978867000  0.27277858985187509  0.28328182064193869
  0.29384980812012029  0.30458862596410435  0.31545146464810692  0.32616349035306369
  0.33657006207141132  0.34657969653125553  0.35666065289293603  0.36712347298539993
  0.37797074459203139  0.38849040338815205  0.39901670075440437  0.40927791187218088
  0.41988090592362587  0.43014656542534968  0.44036419932239945  0.45016493994156853
  0.45999485999674516  0.46961254594062435  0.47946778519956951  0.48952583848077758
  0.49982269377832245  0.51043479608819464  0.52111319706102055  0.53184128914522899
  0.54252936166803389  0.55313219736719876  0.56379272500877264  0.57441595579946536
  0.58497631404256156  0.59549028170172857  0.60607225982013169  0.61681104020968314
  0.62757486784577865  0.63809302009276447  0.64849369151112657  0.65884620662538440
  0.66928728440802088  0.67993515156251105  0.69054730208985726  0.70112203185329314
  0.71153396042315520  0.72175741708051233  0.73217861106983917  0.74279207879261189
  0.75362524122589813  0.76439721805934335  0.77505315549235188  0.78547602418274731
  0.79595269024745818  0.80610351570428818  0.81655048007606856  0.82704989647744986
  0.83758193210897880  0.84789866399688141  0.85807580636070857  0.86838226514024874
  0.87872447751255112  0.88928894195702257  0.89992154556990978  0.91130008275865115
  0.92254642806863107  0.93415231437931401  0.94560178939556450  0.95698058097050054
  0.96784681570946240  0.97877198951605826  0.98919924106241619  1.00000000000000000
 -0.00248439511424617  0.00887944356911148  0.01915213835447122  0.02981715470453951
  0.04076687616984222  0.05148160121022843  0.06194486219120118  0.07205103700623199
  0.08222090444473387  0.09278563711286106  0.10333697195993637  0.11364338692608089
  0.12391196849264091  0.13461595576291724  0.14510803687799187  0.15511932732795908
  0.16505086328982654  0.17516951713411322  0.18573169272427353  0.19679769644731440
  0.20826709197332058  0.21950275403310690  0.23062371084986760  0.24176415530011386
  0.25281910559476917  0.26360605548700844  0.27447628118655448  0.28524182214545180
  0.29577988360376367  0.30621392736810121  0.31666534779112288  0.32725106337926535
  0.33787013445480868  0.34846563394591401  0.35908458836882451  0.36957847317599535
  0.37988652971347553  0.38996462455129377  0.40001841723250714  0.41025623621922075
  0.42081191755517894  0.43149099366510940  0.44209977731424732  0.45262660053366038
  0.46288567556419347  0.47305965534877509  0.48318383226729589  0.49344731985705931
  0.50391441424592298  0.51440315296632966  0.52496589718341768  0.53544985171691217
  0.54589738053145698  0.55632075998654673  0.56712394417227330  0.57801085483276504
  0.58879381211306980  0.59948232370052057  0.61038124907781954  0.62119410739410863
  0.63148988148701257  0.64155742311388242  0.65196835288872024  0.66235379103185865
  0.67271662573363455  0.68300470207683750  0.69353138382484547  0.70396516423732702
  0.71430559010261674  0.72460631892790062  0.73520842649435081  0.74583252955804646
  0.75682818450679146  0.76802446222448595  0.77923632382006014  0.79040523003097496
  0.80117433490715861  0.81168389620717207  0.82185486801358809  0.83205566532032083
  0.84270256815649747  0.85322467242795208  0.86342656572409149  0.87342857274211949
  0.88388912673767861  0.89430391706223211  0.90452556195654954  0.91431627332624588
  0.92463101748578247  0.93523575752052779  0.94592176100820857  0.95630734415004592
  0.96727344393284220  0.97837545329843068  0.98922850597109235  1.00000000000000000
 -0.00230245600074848  0.01032938073973252  0.02102313758329732  0.03186561586568869
  0.04263552169595406  0.05336044788723206  0.06402893940062733  0.07441795372656605
  0.08488026756504179  0.09561417240625188  0.10599083128216238  0.11632072083144315
  0.12651109391049961  0.13686518255786856  0.14700231834116392  0.15705143844401301
  0.16734526472532535  0.17787075062973401  0.18819317530409602  0.19856243387819314
  0.20907832110675828  0.21990910861362162  0.23097764476216345  0.24184384174360762
  0.25290966654361974  0.26445879492690777  0.27584009070096133  0.28653895209224933
  0.29688887516227697  0.30720611773435497  0.31802689773287174  0.32870237586071077
  0.33939987266318122  0.35000801683886668  0.36033895746663547  0.37090426188992970
  0.38162808187791886  0.39287344330846924  0.40346313994253041  0.41362082573880316
  0.42362539105146846  0.43388405940652697  0.44395881098193957  0.45411067861792070
  0.46408309341387327  0.47425585092909284  0.48436225673158861  0.49461360531422927
  0.50461537570489612  0.51461269825174416  0.52481164321488116  0.53530211383704074
  0.54589906603602700  0.55600347208391210  0.56617818579619983  0.57667359840701204
  0.58702318945141030  0.59729395803464780  0.60742362353066415  0.61808196537025706
  0.62867357269262991  0.63887363555291088  0.64917207139372435  0.65959364824138644
  0.67023099802917074  0.68068933607722093  0.69124224832389181  0.70162052593239466
  0.71233033207102359  0.72296156801007483  0.73375788890699578  0.74463973409862283
  0.75533885066237683  0.76572491426791656  0.77591348954940209  0.78618669965143206
  0.79699901596062783  0.80804132779323201  0.81927586351120385  0.83049503441831518
  0.84173752030083915  0.85249554156359786  0.86274083142706504  0.87290703806974457
  0.88326169681440903  0.89369667890719340  0.90430938340424227  0.91508053444190285
  0.92568356846023570  0.93616646795319591  0.94660601200380723  0.95735138056083335
  0.96807777760270897  0.97858127709494158  0.98931500415688156  1.00000000000000000
 -0.00252389206548251  0.00956097448148008  0.01995224660927566  0.03053000264914066
  0.04139402912354650  0.05211530863685761  0.06275134838795172  0.07314608489764030
  0.08385490810112525  0.09467412318821181  0.10539630453812879  0.11584385280993127
  0.12638120312726711  0.13706209249471232  0.14763010155441203  0.15792258180637064
  0.16810786033042527  0.17833062485432996  0.18863767471518941  0.19897039744654385
  0.20924518754493868  0.21957226931550483  0.22991654823406366  0.24044946976086870
  0.25089365463186181  0.26136841039901715  0.27183933479686617  0.28222221899996586
  0.29262297336084986  0.30319381560985531  0.31397292936503962  0.32488407528714602
  0.33576375751112836  0.34662845581949453  0.35758094992955725  0.36852532320877823
  0.37903409735617283  0.38919651276728090  0.39933399536268860  0.40943179167146171
  0.41938942231702875  0.42917539325674836  0.43926739239753426  0.45004329358424711
  0.46073423109666056  0.47134015592487377  0.48201277432064321  0.49259624273743535
  0.50323080783019836  0.51343502921632878  0.52398157193877659  0.53443211943294100
  0.54486613710211729  0.55512790461885553  0.56547707474973030  0.57623124298537731
  0.58698953711220814  0.59787348826349929  0.60876770332070806  0.61979801467842677
  0.63057118649619681  0.64089090402715820  0.65137536442576893  0.66195792306023504
  0.67253708179397864  0.68309976402783434  0.69385734798502829  0.70485479442134635
  0.71568291089856872  0.72645454165792300  0.73720332599309712  0.74784554791390401
  0.75828005096649398  0.76850099808226258  0.77887636824675111  0.78934893753569202
  0.79960826140160002  0.81009948128991427  0.82029095235196303  0.83057662460202819
  0.84096106442851526  0.85121575965303242  0.86165994870711182  0.87185237464446874
  0.88249687170542057  0.89331850526610923  0.90416928716445377  0.91516277372363453
  0.92587365731881199  0.93666917039132191  0.94707833750482373  0.95762230479112931
  0.96794728995339907  0.97836852425923071  0.98905079492366477  1.00000000000000000
 -0.00191954927623494  0.00755532687961516  0.01599281982884566  0.02496393260631195
  0.03410382961318820  0.04338425371352350  0.05278886436569089  0.06234780257503866
  0.07175026337679773  0.08101282385250569  0.08972681743265515  0.09843762790205945
  0.10743479276595369  0.11668165567535368  0.12623656919439680  0.13608434347849838
  0.14628993467737067  0.15693254059583889  0.16759008743420720  0.17827608543266915
  0.18889618271729891  0.19936248146364099  0.20970570115020315  0.22010149794955489
  0.23058985304254437  0.24099329176395140  0.25117685271417706  0.26155572099640007
  0.27228630163781015  0.28329652709408504  0.29431050034074369  0.30520893130547949
  0.31636979359208622  0.32741670478168938  0.33852458189778961  0.34965373590189891
  0.36094611043623531  0.37215261024146551  0.38314124040857894  0.39399953660105852
  0.40503569939700335  0.41633422169950596  0.42806680717396167  0.43995599631514787
  0.45181355874314766  0.46338928709241889  0.47487096466954376  0.48648969816464838
  0.49832507831114325  0.51019580701818235  0.52202823636771278  0.53343753168582064
  0.54499641126728826  0.55598862814602779  0.56743787487320829  0.57886948347299427
  0.59055453723712403  0.60250699646521377  0.61460477424757676  0.62668261158693628
  0.63823199299998312  0.64936256658474545  0.66013255686533168  0.67081300744065520
  0.68163489995608917  0.69238831998825756  0.70318140754857195  0.71408667109086521
  0.72506101366554720  0.73576595853743376  0.74635222896312581  0.75715959377354036
  0.76793913688297311  0.77863000598154686  0.78936723091723482  0.80028555108179011
  0.81106598000072583  0.82142614412454562  0.83158756056075200  0.84189705256438663
  0.85229274715823911  0.86257536909948451  0.87297485196853686  0.88365800468461242
  0.89440114426002848  0.90469613590052256  0.91453673295152038  0.92411368946821670
  0.93351434661752419  0.94280714339529603  0.95213680807465162  0.96143829391055924
  0.97090011960775369  0.98030203333930876  0.99015672989195291  1.00000000000000000
 -0.00232022202480781  0.00998815240403424  0.02015868695103094  0.03005057869269856
  0.04013497653664234  0.05105069076094499  0.06218322914499398  0.07312882352395718
  0.08385324740511101  0.09460630669917282  0.10526523343459117  0.11579976430520139
  0.12640364979386867  0.13705224269107474  0.14791798359725325  0.15884192082904969
  0.16957341351586969  0.17994744914498181  0.19014112409008033  0.20038914644043015
  0.21082597803879960  0.22147023681507577  0.23196763794728320  0.24234475853625698
  0.25249114700462028  0.26275445357014710  0.27288838235659302  0.28286060090837994
  0.29263195316322471  0.30252943204338445  0.31246055624334901  0.32255712979855461
  0.33252409536714173  0.34298229751696652  0.35325424249630810  0.36334660334900970
  0.37350024891500755  0.38395254846204940  0.39460065052182852  0.40512804465567404
  0.41526664051245871  0.42588291089005292  0.43621651743397377  0.44677798642807798
  0.45720506588445242  0.46834769372044627  0.47981427851531239  0.49087706624570815
  0.50148669590811790  0.51204351778548851  0.52222011551750402  0.53315259603911302
  0.54382188938043929  0.55497299230381558  0.56560265324209247  0.57618436384669536
  0.58631521349352389  0.59672391681127745  0.60738830935813104  0.61856404909081175
  0.62951964110929703  0.64081705973007341  0.65204478089550844  0.66282097061137135
  0.67341795743649657  0.68408954462318305  0.69494480113221069  0.70595741104289889
  0.71677764447044934  0.72754139411405383  0.73813292579635381  0.74928918308750581
  0.76038106538294281  0.77130996207725322  0.78162926246123765  0.79206227883481561
  0.80270059320331544  0.81330326498454464  0.82369762533496671  0.83421942276030703
  0.84514042281121071  0.85603277495023067  0.86677869924152917  0.87726445070724113
  0.88773217116882897  0.89811518408173086  0.90856417486635632  0.91892138261500289
  0.92897996864405952  0.93918251013941079  0.94934405387627563  0.95960581147336466
  0.96973608404169087  0.97987850415809197  0.99006861858383077  1.00000000000000000
 -0.00994844033484958  0.11655800340167126  0.13758047225663850  0.15032605881793820
  0.16085871566711510  0.17052307716885548  0.17952549821172276  0.18840225861178903
  0.19668232034978614  0.20470092181005536  0.21261955544772884  0.22040240036498898
  0.22816652924945890  0.23572692002566192  0.24317381932869372  0.25043894328150279
  0.25757202649275152  0.26471055090814605  0.27182218409287223  0.27875006612567477
  0.28546123954981084  0.29207054073086602  0.29876850878338979  0.30555578229487096
  0.31245794046143299  0.31950641445861439  0.32670272650685533  0.33378609076668891
  0.34074145008780299  0.34756946938899075  0.35429704643385451  0.36100240251522886
  0.36762104572986976  0.37423279070567694  0.38089034855153825  0.38753851682038415
  0.39419387970777203  0.40077171402189044  0.40738273776082501  0.41397155212251108
  0.42055390903844875  0.42704149481547055  0.43362757061883100  0.44024787605420501
  0.44675691561273428  0.45325860537383905  0.45977100502306439  0.46633305473561737
  0.47287245075269640  0.47950719525495039  0.48629141121168079  0.49316592198187070
  0.50018850610860111  0.50748410240242470  0.51498203434107426  0.52246824864166275
  0.52990670082445956  0.53737641174972672  0.54465001410074965  0.55181228019756479
  0.55903522969909192  0.56638473567270831  0.57366005793715047  0.58096401404645004
  0.58830805511302786  0.59571801675657321  0.60328774989364364  0.61109721538510475
  0.61888396022638437  0.62666596649984685  0.63466313917331452  0.64299358892661385
  0.65166680300578583  0.66036955550163579  0.66895873535631445  0.67752568338289143
  0.68623706372019133  0.69539974296870555  0.70477645051498261  0.71446015994707612
  0.72394563374479359  0.73365026010979351  0.74345137353163637  0.75380395845276960
  0.76480832856573777  0.77654789848661809  0.78883320700698045  0.80157173365284740
  0.81505267595818742  0.82956368089785049  0.84600021058884434  0.86415950703205291
  0.88411840995721802  0.90734275392927954  0.93909911569233062  1.00000000000000000
 -0.02059721722951957  0.14191784733160595  0.19356418087516908  0.22620544551933258
  0.25096448193576726  0.27182583901529828  0.29035304700328246  0.30696784321479020
  0.32223607728121617  0.33657492743176221  0.35005595168873899  0.36243093213160221
  0.37431019921641751  0.38520384081561604  0.39603967926204281  0.40609674183958810
  0.41579849317167877  0.42502604582607850  0.43395530587344489  0.44257954586243692
  0.45085240601921805  0.45881556924136019  0.46652532664858198  0.47415719441403281
  0.48172799152297852  0.48911441937037736  0.49625236062634870  0.50319316730758556
  0.50999085028289615  0.51671200314195176  0.52323152636237713  0.52949510286846646
  0.53563218106014421  0.54168846601200693  0.54779649516212681  0.55385108810634565
  0.55988019634455233  0.56563860115670783  0.57127303827567910  0.57682035646091778
  0.58232496069271444  0.58782087243510350  0.59330291167522287  0.59876250121044261
  0.60413461159590354  0.60934677608477805  0.61449815408541253  0.61963241630309818
  0.62479504782921758  0.62998125049280473  0.63509288745913095  0.64019025713611866
  0.64529151340001556  0.65043326789910971  0.65560860742006544  0.66076986534473425
  0.66588990879304311  0.67096759604221878  0.67592476857779538  0.68094414904228540
  0.68591829691857120  0.69089679578846208  0.69592417775509918  0.70091921243518795
  0.70594997326007825  0.71095704351310474  0.71590732481834385  0.72088138501821342
  0.72590383079969445  0.73091336064399237  0.73598712184590143  0.74100711329769531
  0.74620686107894407  0.75157390234805721  0.75703504877136096  0.76244222962436348
  0.76775527458979298  0.77330232253353448  0.77921325702804478  0.78531649301142381
  0.79152588902271581  0.79794457316793432  0.80454962028768973  0.81118683552293180
  0.81811437482333760  0.82519888512111406  0.83269517088961831  0.84064469001203956
  0.84892735798982233  0.85815522501762942  0.86835882055422298  0.87993101602368540
  0.89319483829317825  0.91041190275473127  0.93688949291663381  1.00000000000000000
   1.3914442294897671E-004  -1.0000000000000000     
 F F F F F F F F F F F F F F F F
  <DiscreteSampler_grid>
  grouped_processes
  1 # 1 for a reference and 2 for a running grid.
  10 # Attribute 'min_bin_probing_points' of the grid.
  1 # Attribute 'grid_mode' of the grid. 1=='default',2=='initialization'
  0.0000000000000000 # Attribute 'small_contrib_threshold' of the grid.
  0.5000000000000000 # Attribute 'damping_power' of the grid.
 # binID   n_entries weight   weight_sqr   abs_weight
    10   10   6.874138411696829E+006   9.465317865275038E+013   6.874138411696829E+006
    11   10   6.874138411696831E+006   9.465317865275041E+013   6.874138411696831E+006
  </DiscreteSampler_grid>
