  0.00047530197841410  0.00049521277136356  0.00051189464532326  0.00052627255103804
  0.00053964933974008  0.00055247302234605  0.00056482764996713  0.00057675999156262
  0.00058850953060704  0.00060015483554527  0.00061182986124190  0.00062347423561195
  0.00063522874742317  0.00064719279464503  0.00065929645218549  0.00067157320913380
  0.00068442610141568  0.00069778070071194  0.00071140655975703  0.00072519112887155
  0.00073921370135057  0.00075363916138335  0.00076852771421805  0.00078377331078160
  0.00079873539989089  0.00081400894839884  0.00082996943215135  0.00084649701337141
  0.00086340779439088  0.00088070696849303  0.00089860844393066  0.00091737161163583
  0.00093662398365798  0.00095659006359770  0.00097721566532024  0.00099927750274404
  0.00102196371665689  0.00104463284190915  0.00106779342020450  0.00109175759571411
  0.00111677850755361  0.00114246623310000  0.00117093538419315  0.00120140101963263
  0.00123273646711261  0.00126431567204945  0.00129743129536490  0.00133274195562674
  0.00136908747043353  0.00140702264171463  0.00144722557087428  0.00148877396272932
  0.00153106882268033  0.00157578501263652  0.00162122211368389  0.00166886481976676
  0.00172197504003451  0.00177601812047576  0.00183204335033931  0.00188991286598636
  0.00194984759403993  0.00201255930920748  0.00207739632255771  0.00214522893468984
  0.00221691613345905  0.00229232173591529  0.00236619797531546  0.00245089888937356
  0.00253792973926505  0.00263763621347008  0.00275202160157816  0.00287523387367495
  0.00300782500306176  0.00314613851927128  0.00329400301946688  0.00345384000255754
  0.00362752997143579  0.00382140238902738  0.00404431978392050  0.00430195392788744
  0.00458341497114202  0.00488092718411198  0.00522721527743626  0.00560570809592578
  0.00603795261136458  0.00653321196991569  0.00712209666336198  0.00785942047888298
  0.00899855286512034  0.01069664400435413  0.01223751262621570  0.01448057509472649
  0.01837843134024927  0.02551180615961100  0.40146432616202971  1.00000000000000000
 -0.00164312258874670  0.00970238219144059  0.01905878848157553  0.02931996056939546
  0.03927544279405216  0.05040659234628828  0.06137642178278663  0.07264744918084902
  0.08388809003085125  0.09467141783348695  0.10513373355135303  0.11541047487465528
  0.12615283413471082  0.13720846694409505  0.14818726164290005  0.15914951678224834
  0.17012640466600665  0.18083670914039907  0.19133891684812818  0.20153097321431210
  0.21180047839072896  0.22228567742990057  0.23260653536090961  0.24312060391404669
  0.25389093896112458  0.26527596098695594  0.27669824205578053  0.28796468273393355
  0.29880572399316174  0.30932650997246852  0.31935295863012264  0.32902765665092149
  0.33907684676046468  0.34925058199782361  0.36019563924494230  0.37134127080053159
  0.38234007123255948  0.39313803738003134  0.40383811285943966  0.41482242134221636
  0.42502003973959912  0.43489708260636667  0.44482516664176419  0.45480993139261000
  0.46505995224506896  0.47515438116393049  0.48509224431103637  0.49523931385068631
  0.50525138954875659  0.51520481096741710  0.52546901265854584  0.53580444831569718
  0.54599335895561274  0.55619168850634670  0.56603876997502323  0.57693343136542830
  0.58744816199671956  0.59824379004581296  0.60895942811486348  0.61985692901694101
  0.63041132500652586  0.64078911874991651  0.65135391434333467  0.66264169092519110
  0.67372827837054905  0.68492881054809074  0.69576488980118978  0.70659978125140643
  0.71687798575077122  0.72695687832270472  0.73703325211315707  0.74659499480990144
  0.75622452644655103  0.76582984886257244  0.77614674514803417  0.78733381689099458
  0.79876708413167319  0.80998746976774028  0.82100367357497472  0.83212873934392961
  0.84324580300962138  0.85436211508166704  0.86460427914691163  0.87479494505097677
  0.88462109436978698  0.89474002380547479  0.90529873090063329  0.91580449498566807
  0.92624745255531094  0.93646778180786272  0.94702004189413680  0.95779736530907356
  0.96850377657559450  0.97877000530775615  0.98936849766672363  1.00000000000000000
 -0.00222608589044100  0.01013218115336357  0.02041726481969791  0.03143479878044098
  0.04243428061102907  0.05298294629461241  0.06348216067009002  0.07437152173367240
  0.08504129883705368  0.09561517302549717  0.10613633628908160  0.11699375776600433
  0.12817005174589774  0.13919324439815839  0.15003275656603046  0.16036550997117813
  0.17105683413056577  0.18189416476385653  0.19237922383212019  0.20252633484135027
  0.21266348054091933  0.22329930490042538  0.23388604795034301  0.24447942707329007
  0.25509820483230783  0.26566300116814628  0.27602233176549851  0.28605077575476712
  0.29624154893049953  0.30635860894066475  0.31663126534562513  0.32697028988634813
  0.33772860648665426  0.34861127865316888  0.35912432316938719  0.36951194471708021
  0.37982583674971582  0.39036168157768203  0.40076121281651378  0.41093043553981973
  0.42099979413586780  0.43131311870673339  0.44163021183872569  0.45197360025384947
  0.46218477561661825  0.47275457250731412  0.48311099483434922  0.49356906923622595
  0.50425176098678270  0.51546684054724690  0.52601710550439484  0.53620917632118037
  0.54635594060490345  0.55669534467204096  0.56696226372626579  0.57713638643450105
  0.58735078263523843  0.59750770473168791  0.60797260114501983  0.61853720750458807
  0.62930888268542362  0.63986622144558047  0.65082587318458829  0.66177197471150495
  0.67243350225664367  0.68299164579833560  0.69404566285401914  0.70470190572313007
  0.71519892545739894  0.72562626709070610  0.73590295000620831  0.74631202132359675
  0.75693145155045771  0.76793242055461697  0.77871612742865515  0.78931551023989188
  0.80042573880885803  0.81177676207818317  0.82253309120896090  0.83288261498130123
  0.84333119781569987  0.85411921783451616  0.86501357727030004  0.87600316338880246
  0.88644437142047017  0.89657461184551146  0.90687047569840284  0.91726929769364107
  0.92753350520074529  0.93773724349120458  0.94832083614828988  0.95903891863597923
  0.96924309819435794  0.97913711175532470  0.98947045779239851  1.00000000000000000
 -0.00235962306830986  0.00869149407511081  0.01875646992398704  0.02911706818747943
  0.03969578895371840  0.05043488603314714  0.06097056255010092  0.07114425283323464
  0.08140486212675598  0.09190685752948251  0.10245256357382494  0.11286886047993476
  0.12328677943211289  0.13383288732859233  0.14423660290758814  0.15451690292628001
  0.16482776114359585  0.17517677292654829  0.18558939112487546  0.19615523053339279
  0.20675936569694722  0.21726120510005509  0.22770288293686144  0.23829256817314604
  0.24909468200108023  0.25999704850155531  0.27087587694203952  0.28182763170598413
  0.29289313885742813  0.30399792420774047  0.31487178916982639  0.32558007954374740
  0.33648879950635141  0.34751071530323019  0.35857579087881097  0.36941688879294304
  0.38071386728652512  0.39195033626296355  0.40359615792532066  0.41517597987216087
  0.42677855648476754  0.43821218762736081  0.44963830923361897  0.46085887569129869
  0.47163565638143529  0.48242736864994257  0.49361879763403271  0.50508647784685434
  0.51636431726445342  0.52758535175487697  0.53879882240400712  0.54973206071649727
  0.56050494857869959  0.57167214149806145  0.58262363615612278  0.59324051001466671
  0.60402028374842243  0.61489328224414674  0.62573656121617793  0.63659102551443048
  0.64756094458879077  0.65787775736870580  0.66799175383349974  0.67877068270788843
  0.68980876850905082  0.70100621786310513  0.71193541849850972  0.72367446076549657
  0.73480269292673939  0.74608533514838959  0.75702202191858270  0.76786672602436445
  0.77820741429665274  0.78861603563153682  0.79904647504773596  0.80939733050944862
  0.81968088687110752  0.82980198497889490  0.83976969566989124  0.84954251117065915
  0.85971989017715966  0.87005191678555049  0.88030669968256892  0.88976821471422307
  0.89914356391128758  0.90894020879921900  0.91861603395757174  0.92826226718708371
  0.93791059823019063  0.94734426455674248  0.95691426742993135  0.96559968282550501
  0.97472684170091495  0.98352328299797609  0.99198259818867962  1.00000000000000000
 -0.00251246815552473  0.01000814905626038  0.02039370440535625  0.03126782736503729
  0.04202491797899086  0.05335958072122958  0.06420913260697364  0.07497045518325698
  0.08573071553922398  0.09639213063204745  0.10696165361346542  0.11698714028007597
  0.12702630982889224  0.13767565916908062  0.14831297427155604  0.15951000353726849
  0.17030835129406049  0.18117985340685844  0.19172660885910786  0.20226745575883001
  0.21278246307031429  0.22382623711704475  0.23487320141342449  0.24576574442612592
  0.25630301612940398  0.26643747752758540  0.27651074075540044  0.28660649728881393
  0.29670461644557700  0.30702571872088485  0.31779826119960086  0.32844896812397861
  0.33870026828520355  0.34843969798352958  0.35878778180586601  0.36924352265513444
  0.37958570607629433  0.38965037030777339  0.39994489493414387  0.41029895479855860
  0.42081306228412191  0.43142055832713216  0.44226388101924569  0.45306801089707172
  0.46375640205830843  0.47426282288452465  0.48418722254857044  0.49367223775793101
  0.50361715161338116  0.51427330055267728  0.52544072532978470  0.53615058637877733
  0.54660696324887892  0.55691796209373545  0.56676036811620290  0.57638652249114619
  0.58618425112222761  0.59645082175146069  0.60679627124682534  0.61736847796797056
  0.62781564743540652  0.63818554986167175  0.64857143777088810  0.65853719627180740
  0.66885246664533793  0.67927861600393902  0.68975416107299403  0.69981521798812418
  0.70953022628771423  0.71935405693399468  0.72932288262347833  0.73943423674410913
  0.74928198966762372  0.75955483618345832  0.77005147929204487  0.78093054702611242
  0.79217498857942736  0.80383758550800288  0.81576926729098864  0.82715778930825856
  0.83853904950014602  0.84969727083755653  0.86127238645878046  0.87255744804601676
  0.88337316258698784  0.89389932535078243  0.90438061142627912  0.91517581705457252
  0.92579746930976403  0.93621588568846004  0.94672465699754649  0.95686961875234822
  0.96735369154595718  0.97770288941393690  0.98878916053892763  1.00000000000000000
 -0.01003151139716889  0.07270464066687279  0.11027409091228162  0.13637606211424488
  0.15777959838524733  0.17660071163632091  0.19399611498940361  0.21000127687248790
  0.22457716807139413  0.23807973327939716  0.25034869149735062  0.26188798427168158
  0.27314112584000649  0.28417645369056715  0.29475909793539079  0.30523905869778678
  0.31572760650411297  0.32598114318745364  0.33574077433744992  0.34508054617433198
  0.35396989728972017  0.36260858811669217  0.37116904199842871  0.37974255482017594
  0.38818466281401603  0.39634528183592233  0.40432984437099589  0.41211728436844014
  0.41989400717289804  0.42738493850372411  0.43488128409776056  0.44242108380471601
  0.45000270055564734  0.45763984807843389  0.46524345243860354  0.47269832051891114
  0.48010562686881397  0.48757790295335651  0.49497147245856321  0.50218707050481060
  0.50922021324030797  0.51621355454080042  0.52328941137322349  0.53016321099937358
  0.53713096230540192  0.54411900881941555  0.55095249313091055  0.55768410446375927
  0.56441495809892850  0.57128306273747720  0.57832730281145106  0.58541236614923142
  0.59236199378324306  0.59914456677745398  0.60577603606216390  0.61206628817297304
  0.61850138732179405  0.62506796669507636  0.63170690492341930  0.63834886456732720
  0.64504754816866738  0.65177159996159906  0.65863067041103185  0.66547698759110840
  0.67238195705343495  0.67940798716397754  0.68655234724183456  0.69379751326990424
  0.70094580878192447  0.70801039058649740  0.71515094116456623  0.72246074706370489
  0.72997973853010101  0.73758733064920734  0.74516763295638666  0.75259640066681677
  0.75986470174008947  0.76710630401318536  0.77460717202874096  0.78240395291753817
  0.79030167791793282  0.79851007355446890  0.80703245180540539  0.81581492639676634
  0.82523730017723362  0.83496051386771497  0.84503286197344962  0.85527657497853371
  0.86589626471541015  0.87717745163867988  0.88918049642142749  0.90223095646723428
  0.91695335629057784  0.93475635433454263  0.95932234189686016  1.00000000000000000
 -0.01993313294910127  0.14017408838682960  0.18851958638712496  0.22043112647914109
  0.24509758086822520  0.26549472902294674  0.28347485612982520  0.29989307081962774
  0.31532019241345688  0.32962203467182727  0.34288263134552838  0.35542189432410060
  0.36757091660044866  0.37908044909398259  0.38979464900533733  0.40000656671862428
  0.41003200992079708  0.41987053951627690  0.42936616976960607  0.43862323049492724
  0.44729059805518911  0.45571516718634203  0.46378597225608786  0.47150791774542328
  0.47925562629261553  0.48662192510749380  0.49402287511777276  0.50129302438249534
  0.50854770924149839  0.51576783443070451  0.52267891373072539  0.52939952645785726
  0.53589273617253330  0.54228145548676043  0.54858186622193383  0.55473812893694785
  0.56081990128602988  0.56692292935217936  0.57308691887661045  0.57920918649712883
  0.58519090997964762  0.59095959731005265  0.59652158012529799  0.60230015391026104
  0.60794106387303426  0.61355190699994011  0.61910484499173968  0.62445978449990081
  0.62968331665229760  0.63476445389476144  0.63978332605659960  0.64483919561091552
  0.65000743405591621  0.65524265423027761  0.66040915427650515  0.66551592057216713
  0.67059998233955165  0.67566553313284605  0.68069772379903426  0.68572840763499521
  0.69075979940384324  0.69581367834997143  0.70094074845516263  0.70614429503930809
  0.71130561781664681  0.71633598810173982  0.72128691196644934  0.72620381996481542
  0.73111507462208047  0.73585704234397775  0.74072405010277009  0.74555662156658764
  0.75050420516826499  0.75570337832895984  0.76099233120751431  0.76628064261182149
  0.77166179505660315  0.77718069183580807  0.78281210313984628  0.78859597183474484
  0.79463162395779652  0.80098384850920168  0.80739321444961731  0.81389113183415773
  0.82093254854927722  0.82839399439904571  0.83626393312832858  0.84438990464117947
  0.85270488022656710  0.86174570917029725  0.87142122052131310  0.88265650068084811
  0.89535656670808039  0.91279460696313752  0.93856366828303894  1.00000000000000000
   3.1311648929772299E-006  -1.0000000000000000     
 F F F F F F F F F F F F F F F F
  <DiscreteSampler_grid>
  grouped_processes
  1 # 1 for a reference and 2 for a running grid.
  10 # Attribute 'min_bin_probing_points' of the grid.
  1 # Attribute 'grid_mode' of the grid. 1=='default',2=='initialization'
  0.0000000000000000 # Attribute 'small_contrib_threshold' of the grid.
  0.5000000000000000 # Attribute 'damping_power' of the grid.
 # binID   n_entries weight   weight_sqr   abs_weight
    10   10   5.106046674916098E+003   3.442621239382254E+007   5.106046674916098E+003
    11   10   5.106046674916097E+003   3.442621239382251E+007   5.106046674916097E+003
    16   10   5.106046674916097E+003   3.442621239382254E+007   5.106046674916097E+003
    17   10   5.106046674916094E+003   3.442621239382251E+007   5.106046674916094E+003
  </DiscreteSampler_grid>
