  0.00012480057606789  0.00650401771506326  0.01119373348498416  0.01587236873107336
  0.02060587755656083  0.02540568495564994  0.03033247582425388  0.03536797903491361
  0.04046493740885110  0.04572811375140578  0.05098905380128192  0.05633185441571489
  0.06167290190075989  0.06708148095494552  0.07246229124966544  0.07796272930753999
  0.08360556059365166  0.08966988266278009  0.09593012769751605  0.10220409192035104
  0.10863270790630372  0.11525573553367943  0.12198960878227920  0.12886661272685201
  0.13593107598133705  0.14301002662371085  0.15023206413805215  0.15795175076330284
  0.16568701554670101  0.17390632796324812  0.18214413497046064  0.19090853675147318
  0.20019137165242445  0.20971581888061153  0.21946298840695835  0.22956455827770364
  0.23999441394271892  0.25084296955420876  0.26236040028535529  0.27457048098519571
  0.28780847309449892  0.30233807188746137  0.31863786606283728  0.33641573947501813
  0.35601460159041037  0.37890753928646304  0.40977516810242698  0.46483312356175344
  0.55567268655332425  0.60119193624367973  0.62869092541596627  0.65122885869356517
  0.67034450514038124  0.68721717032309426  0.70260566638120125  0.71642260439220451
  0.72885275464655219  0.74059872698527651  0.75182906839919583  0.76217932565925051
  0.77236782426625394  0.78256200472179438  0.79228824537448339  0.80116431536807220
  0.80954408945171918  0.81765867098034850  0.82568326176594165  0.83358349308618984
  0.84125049077064029  0.84874497123492376  0.85612628351741304  0.86305781674955906
  0.86986451859344693  0.87646946987972674  0.88309419557870572  0.88968387429350548
  0.89610606382693470  0.90244497431835291  0.90859880483441469  0.91464820616894749
  0.92053789899185878  0.92628608368016141  0.93201669854793501  0.93777586313079631
  0.94352432812568177  0.94917084840012900  0.95481293458403194  0.96007614775534456
  0.96520413699847096  0.97031099712742375  0.97531609438475908  0.98031546691538662
  0.98531700172682501  0.99023291986113371  0.99512413620651774  1.00000000000000000
 -0.00285526857900961  0.00979222404728559  0.02061996087352393  0.03113588087975786
  0.04142712909232104  0.05131278404129740  0.06085335739585425  0.07041902399625954
  0.08023877135255414  0.09050692135497039  0.10107959034778209  0.11181433093928478
  0.12261072629858541  0.13279301079069109  0.14300333413916677  0.15363195627256673
  0.16413698794960552  0.17503808461258324  0.18591523154808659  0.19693035106059872
  0.20765102156840853  0.21825666127346335  0.22920411375494706  0.24008389263707491
  0.25089260190634577  0.26132674690940022  0.27169063175429514  0.28200185619660911
  0.29227483676290789  0.30256056284583888  0.31289154271904207  0.32324360719071910
  0.33390794309277305  0.34496243142745420  0.35603611221706821  0.36698829626299340
  0.37749504165742037  0.38767229182355600  0.39774732780270633  0.40727167006820802
  0.41649663970805151  0.42605796188289452  0.43576422301886603  0.44607699684547364
  0.45662780779047452  0.46737055826408191  0.47798962451764643  0.48883623565034473
  0.49966413552509276  0.51039634515661669  0.52110780099113818  0.53193960829749520
  0.54273343948807296  0.55345573464029685  0.56430513054998876  0.57552134086409146
  0.58620901759806210  0.59652230990298505  0.60658415275379918  0.61665834231803462
  0.62685111014738881  0.63689543454293474  0.64710038866272124  0.65761007126651716
  0.66817073760988699  0.67887110307095866  0.68962932865179272  0.70007084375295137
  0.71061815712416265  0.72117527366644085  0.73210245090594284  0.74291606734954141
  0.75352415531973693  0.76438779014489300  0.77549378636198441  0.78699423615645836
  0.79881524780721158  0.81028866921693199  0.82130702625819707  0.83170040220067520
  0.84252131241309380  0.85337947945207315  0.86425181789883321  0.87474946832495415
  0.88538677775813457  0.89623092856945874  0.90743673428480576  0.91829736699130360
  0.92871012093379979  0.93889014279516325  0.94887579887362161  0.95919165141104268
  0.96925052513843446  0.97925557301666000  0.98943916247941155  1.00000000000000000
 -0.00232872594655417  0.01429752807230183  0.02749732106250457  0.03887959476025294
  0.04910488839257813  0.05850415003195036  0.06735335003147216  0.07562672780370322
  0.08372033580514476  0.09144562171401488  0.09901763473582248  0.10632458170588061
  0.11347759961225480  0.12053204302798308  0.12750510954185304  0.13439459913970056
  0.14120640715414659  0.14799527354840639  0.15477210109368869  0.16146684468605602
  0.16810809574721466  0.17482352285585970  0.18166222351293421  0.18860186675226220
  0.19552894648367802  0.20249370920829407  0.20931402993641623  0.21593458685913178
  0.22258861840565880  0.22914580281849922  0.23549028484487744  0.24179453743248780
  0.24812590742459165  0.25445679154791345  0.26085330541764978  0.26726968107328419
  0.27347556713343385  0.27958821461613154  0.28572524858071696  0.29197858849432001
  0.29842238879011312  0.30493151157801346  0.31139960761119201  0.31785580797877050
  0.32411257799382154  0.33039086385376132  0.33696514009566014  0.34373418261136968
  0.35051467926113278  0.35718718039970199  0.36381877307387800  0.37043775295875786
  0.37701881180973568  0.38365805976644279  0.39040837834246855  0.39725194993387114
  0.40416127417634345  0.41106766563937913  0.41817566856259664  0.42586328400111823
  0.43355022897858397  0.44137859599039031  0.44910227954961973  0.45653372464676584
  0.46422956832498574  0.47226053685731006  0.48043161472896329  0.48882183384489580
  0.49721421520968978  0.50557661717898306  0.51406353245200376  0.52265451800606022
  0.53123286889489862  0.53997981732881561  0.54889898846356178  0.55785475955916575
  0.56708144126192539  0.57689751507481446  0.58729195628297359  0.59879893039093746
  0.61063283783656219  0.62274947406262937  0.63487530237228385  0.64688584579398545
  0.65913115933044930  0.67231475877424807  0.68687017706456821  0.70238579223537623
  0.71965099603642146  0.73880656276760215  0.75983453916180732  0.78337003672102168
  0.80957858376494662  0.84224860148696146  0.88958770224548234  1.00000000000000000
 -0.01882821755804405  0.10711884173702467  0.14085045042105737  0.16267376402915518
  0.18048640043268432  0.19611967314588985  0.21018109340617497  0.22299797522810808
  0.23471016403911818  0.24554046117405415  0.25564931438952132  0.26515601944450462
  0.27412849136527501  0.28253071400562380  0.29053225024466989  0.29830899273132561
  0.30604678286309672  0.31374748553417503  0.32127006401595748  0.32847055991727558
  0.33547967353761876  0.34242911871457266  0.34925082070465585  0.35598628217175599
  0.36255613621248411  0.36910602049688379  0.37565416777313559  0.38205216641855289
  0.38832145446151578  0.39457752858599132  0.40077586704852813  0.40679783895814364
  0.41271563443945097  0.41853786998762782  0.42430809455063112  0.43004049421415108
  0.43574268244943415  0.44140968151287635  0.44713539899228194  0.45294714598987956
  0.45861435941920331  0.46424011072944804  0.46971072165225808  0.47522083582794594
  0.48076163380439962  0.48633968028802554  0.49187736743702637  0.49732801734653276
  0.50312263949766256  0.50906110763253620  0.51499941526199067  0.52076900020966976
  0.52643001176267656  0.53212317521501029  0.53787837378355929  0.54369102381068468
  0.54965778263887199  0.55561592010544869  0.56168031447425038  0.56729855037027954
  0.57273386150248928  0.57818118760995851  0.58375438354852494  0.58956405128665978
  0.59543961828823366  0.60127015581215015  0.60719270660562974  0.61328151957411314
  0.61952195838282886  0.62597926336345089  0.63265613026462098  0.63932531774865875
  0.64594765183831993  0.65255881488544454  0.65934150916948764  0.66634957165633779
  0.67331661574118096  0.68038070044322907  0.68755160056847053  0.69514678413112307
  0.70248264115478276  0.71005645306500365  0.71798264136659729  0.72638978740288229
  0.73518636956450445  0.74428689356330247  0.75384045975403002  0.76419611363434437
  0.77518723398378009  0.78715143021616596  0.80034288063253856  0.81536287719687139
  0.83278909353010688  0.85521867034610033  0.89160617017572430  1.00000000000000000
   4.2141893550827112E-004  -1.0000000000000000     
 F F F F F F F F F F F F F F F F
  <DiscreteSampler_grid>
  grouped_processes
  1 # 1 for a reference and 2 for a running grid.
  10 # Attribute 'min_bin_probing_points' of the grid.
  1 # Attribute 'grid_mode' of the grid. 1=='default',2=='initialization'
  0.0000000000000000 # Attribute 'small_contrib_threshold' of the grid.
  0.5000000000000000 # Attribute 'damping_power' of the grid.
 # binID   n_entries weight   weight_sqr   abs_weight
    10   10   7.804792248301707E+006   1.160827683213228E+014   7.804792248301707E+006
  </DiscreteSampler_grid>
