  0.04209921733439929  0.05446311481928013  0.06728705056575308  0.08096544995301543
  0.14654553196796805  0.14903874474155754  0.15153195751514703  0.15402517028873650
  0.15651838306232599  0.15901159583591545  0.16150480860950495  0.16399802138309444
  0.16649123415668390  0.16898444693027337  0.17147765970386283  0.17397087247745227
  0.17646408525104174  0.17895729802463120  0.18145051079822064  0.18394372357181010
  0.18643693634539957  0.18893014911898900  0.19142336189257847  0.19391657466616791
  0.19640978743975737  0.19890300021334684  0.20139621298693627  0.20388942576052574
  0.20638263853411520  0.23346086515879383  0.25312480098592027  0.25677196585323153
  0.26041913072054279  0.26406629558785405  0.26771346045516536  0.27136062532247662
  0.27500779018978794  0.27865495505709925  0.28230211992441051  0.28594928479172183
  0.28959644965903314  0.29324361452634445  0.29689077939365571  0.30053794426096697
  0.30418510912827823  0.30783227399558949  0.31147943886290075  0.39566377685362120
  0.51114065739127157  0.62661753792892183  0.74209441846657220  0.77999375470967292
  0.79175923354093602  0.79391925882456549  0.79607928410819484  0.79823930939182430
  0.80039933467545366  0.80255935995908312  0.80471938524271258  0.80687941052634193
  0.80903943580997140  0.81119946109360075  0.81335948637723021  0.81551951166085956
  0.81767953694448903  0.81983956222811838  0.82199958751174784  0.82415961279537719
  0.82631963807900666  0.82847966336263612  0.83063968864626547  0.83279971392989494
  0.83496420062758792  0.83713015110325928  0.83929610157893053  0.84146205205460189
  0.84362800253027315  0.84579395300594451  0.84795990348161576  0.85012585395728713
  0.85229180443295838  0.85466783132072710  0.85839693358034341  0.86212603583995984
  0.86585513809957615  0.86958424035919246  0.87331334261880877  0.87671698894576422
  0.87985187274361853  0.88298675654147296  0.88612164033932739  0.88925652413718170
  0.89239140793503613  0.89552629173289056  0.97283432234184786  1.00000000000000000
 -0.00416251271695415  0.00137994287426072  0.00275988574852144  0.00413982862278216
  0.00551977149704289  0.00689971437130361  0.00827965724556433  0.00965960011982505
  0.01103954299408578  0.01241948586834650  0.01379942874260722  0.01517937161686795
  0.01655931449112867  0.01793925736538939  0.01931920023965011  0.02069914311391084
  0.02237601686641226  0.02408487547525710  0.02579373408410193  0.02750259269294675
  0.02921145130179158  0.03092030991063642  0.03262916851948125  0.03433802712832608
  0.03604688573717091  0.03775574434601574  0.03946460295486057  0.04117346156370540
  0.10211143231261098  0.18707935913861209  0.27204728596461319  0.29261096308295659
  0.29383876253008112  0.29506656197720560  0.29629436142433008  0.29752216087145456
  0.29874996031857909  0.29997775976570357  0.30120555921282804  0.30243335865995252
  0.30366115810707706  0.30488895755420153  0.30611675700132601  0.30734455644845049
  0.30857235589557502  0.30980015534269950  0.31102795478982398  0.31225575423694846
  0.31348355368407299  0.31471135313119747  0.31593915257832195  0.31716695202544642
  0.31839475147257096  0.31962255091969544  0.32085035036681991  0.32207814981394439
  0.32330594926106893  0.32453374870819340  0.32576154815531788  0.32698934760244236
  0.32821714704956689  0.32944494649669137  0.33067274594381585  0.33190054539094038
  0.33312834483806486  0.33435614428518934  0.33558394373231387  0.33681174317943835
  0.33803954262656288  0.33926734207368736  0.34049514152081189  0.34172294096793637
  0.34295074041506091  0.34417853986218538  0.34540633930930992  0.34663413875643440
  0.34786193820355893  0.34908973765068341  0.35031753709780794  0.35154533654493242
  0.35277313599205695  0.35400093543918143  0.42766542493852461  0.50113101150269834
  0.50873783702231101  0.51634466254192368  0.52366512634164752  0.53057336445025438
  0.53748160255886135  0.57516036586998309  0.66012829269598428  0.74509621952198546
  0.75359100500742593  0.75359100500743592  0.75359100500744591  1.00000000000000000
  0.05176370938618981  0.05320272974893060  0.05464175011167139  0.05608077047441218
  0.05751979083715297  0.05895881119989375  0.06039783156263454  0.06183685192537533
  0.06429926376264331  0.06763638152292839  0.07097349928321346  0.07431061704349855
  0.07764773480378363  0.08098485256406872  0.11567777316531455  0.17264469079081668
  0.18386104797892322  0.19507740516702976  0.20629376235513630  0.21751011954324295
  0.22872647673134963  0.33405973812597123  0.41713155377467809  0.41904174185835674
  0.42095192994203534  0.42286211802571400  0.42477230610939265  0.42668249419307130
  0.42859268227674990  0.43050287036042856  0.43241305844410721  0.43432324652778587
  0.43623343461146452  0.43814362269514312  0.44005381077882177  0.44196399886250043
  0.44387418694617908  0.44578437502985768  0.44769456311353634  0.44960475119721499
  0.45151493928089365  0.45342512736457224  0.45533531544825090  0.45724550353192955
  0.45915569161560821  0.46106587969928686  0.46297606778296552  0.46488625586664417
  0.46679644395032283  0.46870663203400148  0.47061682011768019  0.47252700820135884
  0.47443719628503750  0.47634738436871615  0.47825757245239481  0.53638470714742403
  0.54574463948708307  0.55002993233822084  0.55431522518935850  0.55860051804049615
  0.56288581089163392  0.56717110374277158  0.57145639659390923  0.57574168944504700
  0.58002698229618466  0.58431227514732231  0.58859756799846008  0.59288286084959785
  0.59716815370073562  0.60145344655187338  0.60497636102970875  0.60718349647919134
  0.60939063192867393  0.61159776737815652  0.61380490282763911  0.61601203827712170
  0.61821917372660429  0.62042630917608677  0.62263344462556935  0.62484058007505194
  0.62665430011883660  0.62843739176053215  0.63022048340222758  0.63200357504392313
  0.63378666668561856  0.63556975832731410  0.63735284996900954  0.63913594161070508
  0.64091903325240052  0.64270212489409606  0.64448521653579161  0.67246662144911029
  0.78164441429940223  0.89082220714969418  0.92979199091593423  1.00000000000000000
  0.05463772614796959  0.17773752541689511  0.18892734106278156  0.20100475050529748
  0.25377265989809877  0.36933580765369228  0.45889279014009898  0.46132648393572306
  0.46376017773134709  0.46619387152697117  0.46862756532259525  0.47106125911821933
  0.47349495291384336  0.47592864670946744  0.47836234050509152  0.48079603430071555
  0.48322972809633963  0.48566342189196365  0.48809711568758768  0.49053080948321176
  0.49296450327883579  0.49539819707445981  0.49783189087008384  0.50026558466570792
  0.50269927846133200  0.50513297225695597  0.50756666605258005  0.51000035984820402
  0.51243405364382810  0.51486774743945218  0.51730144123507615  0.51973513503070023
  0.58424889664740143  0.66771498269013208  0.67136999306527412  0.67502500344041605
  0.67868001381555809  0.68233502419070013  0.68599003456584207  0.68964504494098411
  0.69330005531612615  0.69695506569126808  0.70061007606641013  0.70426508644155217
  0.70792009681669410  0.71157510719183614  0.71523011756697819  0.71888512794212023
  0.72254013831726227  0.72619514869240431  0.75077714795281325  0.83435410552691136
  0.83792800749616236  0.84150190946541348  0.84507581143466448  0.84864971340391548
  0.85222361537316649  0.85579751734241760  0.85937141931166849  0.86294532128091950
  0.86651922325017050  0.87009312521942150  0.87366702718867251  0.87724092915792351
  0.88081483112717451  0.88438873309642552  0.88796263506567652  0.89153653703492752
  0.89511043900417853  0.90664747581381433  0.92020362507248410  0.93375977433115365
  0.94731592358982331  0.95872871327802400  0.96083993008940138  0.96295114690077876
  0.96506236371215615  0.96717358052353342  0.96928479733491080  0.97139601414628818
  0.97350723095766556  0.97561844776904283  0.97772966458042021  0.97970671969551559
  0.98139782638755590  0.98308893307959633  0.98478003977163675  0.98647114646367706
  0.98816225315571748  0.98985335984775780  0.99154446653979822  0.99323557323183853
  0.99492667992387895  0.99661778661591927  0.99830889330795969  1.00000000000000000
  0.12113922437032065  0.46124881866683992  0.46416430400034653  0.46707978933385319
  0.46999527466735980  0.47291076000086646  0.47582624533437312  0.47874173066787973
  0.48214374165656748  0.48562876335391203  0.48911378505125663  0.49259880674860118
  0.49608382844594573  0.49956885014329033  0.60016826800501022  0.68804371941603260
  0.69034751000156647  0.69265130058710034  0.69495509117263421  0.69725888175816797
  0.69956267234370184  0.70186646292923571  0.70417025351476958  0.70647404410030334
  0.70877783468583722  0.71108162527137109  0.71338541585690496  0.71568920644243883
  0.71799299702797270  0.72029678761350657  0.72260057819904044  0.72490436878457432
  0.72720815937010819  0.72951194995564206  0.73181574054117593  0.73411953112670969
  0.73642332171224356  0.73872711229777743  0.74103090288331130  0.74333469346884506
  0.74563848405437894  0.74794227463991281  0.75035942119165888  0.75372450927382140
  0.75708959735598391  0.76045468543814643  0.76381977352030894  0.76718486160247146
  0.77054994968463386  0.77391503776679649  0.77728012584895900  0.78064521393112152
  0.78401030201328403  0.78737539009544666  0.79074047817760917  0.79410556625977169
  0.79747065434193420  0.80083574242409672  0.80420083050625912  0.80756591858842164
  0.81093100667058415  0.87351233567806197  0.89857452637719892  0.90198086474969807
  0.90538720312219723  0.90879354149469638  0.91219987986719553  0.91560621823969468
  0.91901255661219383  0.92241889498469287  0.92582523335719202  0.92923157172969106
  0.93263791010219022  0.93604424847468937  0.93945058684718841  0.94285692521968756
  0.94626326359218660  0.94966960196468575  0.95307594033718490  0.95648227870968394
  0.95969421810452116  0.96267478934759854  0.96565536059067580  0.96863593183375307
  0.97161650307683045  0.97459707431990772  0.97757764556298499  0.98031544182733177
  0.98277601159891526  0.98523658137049874  0.98769715114208234  0.99015772091366583
  0.99261829068524943  0.99507886045683291  0.99753943022841651  1.00000000000000000
  0.21155643065770469  0.21472302910229807  0.21788962754689145  0.22105622599148481
  0.22422282443607819  0.22738942288067157  0.23110187923217101  0.23551258967385644
  0.23992330011554186  0.24433401055722728  0.24874472099891268  0.33644563531334837
  0.43793319672519160  0.44057948434837624  0.44322577197156088  0.44587205959474552
  0.44851834721793016  0.45116463484111485  0.45381092246429949  0.45645721008748413
  0.45910349771066877  0.46174978533385347  0.46439607295703811  0.46704236058022280
  0.46968864820340744  0.47233493582659214  0.47498122344977683  0.47762751107296147
  0.48027379869614617  0.48292008631933081  0.48556637394251545  0.48821266156570009
  0.49085894918888473  0.49350523681206937  0.49615152443525401  0.49879781205843871
  0.56594061545460250  0.68677564974152816  0.71081496871631222  0.71383548139609565
  0.71685599407587908  0.71987650675566250  0.72289701943544593  0.72591753211522936
  0.72893804479501279  0.73194960023175892  0.73496042217933633  0.73797124412691373
  0.74098206607449113  0.74399288802206864  0.74700370996964605  0.75001453191722345
  0.75302535386480085  0.75603617581237836  0.75904699775995577  0.76205781970753317
  0.76506864165511057  0.76807946360268808  0.77189113416941302  0.78428585102167170
  0.79780220494922005  0.81296968763481248  0.82813717032040501  0.83617298877480817
  0.84049241951773124  0.84481185026065442  0.84913128100357749  0.85345071174650056
  0.85777014248942363  0.86208957323234670  0.86640900397526965  0.87072843471819272
  0.87504786546111579  0.87936729620403886  0.88368672694696193  0.88800615768988489
  0.89232558843280796  0.91854004920255772  0.96009673047185351  0.96272599444115337
  0.96535525841045322  0.96798452237975319  0.97061378634905304  0.97324305031835290
  0.97587231428765275  0.97850157825695261  0.98076339839127458  0.98290079857002188
  0.98503819874876908  0.98717559892751638  0.98931299910626369  0.99145039928501089
  0.99358779946375819  0.99572519964250539  0.99786259982125269  1.00000000000000000
  0.04800909360249842  0.05603662969431630  0.06493928633293888  0.07745807382306825
  0.14074895861005696  0.18936526863551154  0.19264984780463262  0.19593442697375374
  0.19921900614287485  0.20250358531199594  0.20578816448111706  0.20907274365023815
  0.21235732281935929  0.21564190198848043  0.21892648115760158  0.22221106032672272
  0.22549563949584384  0.22878021866496498  0.23206479783408610  0.23534937700320718
  0.23863395617232830  0.24191853534144939  0.24520311451057050  0.24848769367969159
  0.30837735953272899  0.41656897302946028  0.43927402308978397  0.44147357764362116
  0.44367313219745830  0.44587268675129543  0.44807224130513262  0.45027179585896976
  0.45247135041280689  0.45467090496664408  0.45687045952048122  0.45907001407431836
  0.46126956862815555  0.46346912318199274  0.46566867773582993  0.46786823228966706
  0.47006778684350425  0.47226734139734144  0.47446689595117864  0.47666645050501577
  0.47886600505885296  0.48106555961269015  0.48326511416652729  0.48546466872036442
  0.48766422327420161  0.48986377782803875  0.49206333238187588  0.49426288693571307
  0.49646244148955021  0.49866199604338735  0.52121253208075036  0.52311677480113827
  0.52502101752152630  0.52692526024191433  0.52882950296230224  0.53073374568269027
  0.53263798840307819  0.53454223112346622  0.53644647384385424  0.53835071656424216
  0.54025495928463019  0.54215920200501810  0.54406344472540613  0.54596768744579405
  0.54787193016618208  0.54977617288656999  0.55168041560695791  0.55358465832734594
  0.55548890104773385  0.55739314376812188  0.55929738648850980  0.56120162920889782
  0.56310587192928574  0.56501011464967366  0.56691435737006168  0.56881860009044960
  0.57072284281083763  0.57262708553122554  0.57453132825161357  0.57643557097200149
  0.57833981369238940  0.58024405641277743  0.58214829913316535  0.62419594470640072
  0.73238755820313206  0.84057917169986318  0.91997265128395234  0.93111389503453423
  0.94046721853829274  0.94741938260547798  0.95169413487116494  1.00000000000000000
   3.1856108647261966E-008  -1.0000000000000000     
 F F F F F F F F F F F F F F F F F F F F F F F F F F F F F F F F
  <DiscreteSampler_grid>
  grouped_processes
  1 # 1 for a reference and 2 for a running grid.
  10 # Attribute 'min_bin_probing_points' of the grid.
  1 # Attribute 'grid_mode' of the grid. 1=='default',2=='initialization'
  0.0000000000000000 # Attribute 'small_contrib_threshold' of the grid.
  0.5000000000000000 # Attribute 'damping_power' of the grid.
 # binID   n_entries weight   weight_sqr   abs_weight
    10   10   9.694290104919961E+006   8.676324445138789E+014   9.694290104919961E+006
  </DiscreteSampler_grid>
