  0.04239642222722376  0.39830722466468832  0.40078111599604344  0.40325500732739850
  0.40572889865875356  0.40820278999010867  0.41067668132146373  0.41315057265281879
  0.41562446398417385  0.41838965455211624  0.42136689740252981  0.42434414025294337
  0.42732138310335699  0.43029862595377055  0.43327586880418412  0.43625311165459774
  0.43894004581233476  0.44141778438360735  0.44389552295487988  0.44637326152615242
  0.44885100009742501  0.45132873866869755  0.45380647723997009  0.45628421581124268
  0.45876195438251521  0.46123969295378781  0.46371743152506040  0.46619517009633299
  0.46867290866760553  0.47115064723887812  0.47362838581015071  0.47610612438142330
  0.47858386295269589  0.48106160152396843  0.48353934009524102  0.48601707866651356
  0.48849481723778609  0.49097255580905863  0.49345029438033122  0.49592803295160376
  0.49840577152287635  0.53771280244495223  0.60502078418560712  0.60731883468233383
  0.60961688517906054  0.61191493567578725  0.61421298617251396  0.61651103666924068
  0.61880908716596739  0.62110713766269399  0.62340518815942070  0.62570323865614741
  0.62800128915287412  0.63029933964960083  0.63259739014632754  0.63489544064305425
  0.63719349113978097  0.63949154163650768  0.64178959213323428  0.64408764262996099
  0.64638569312668770  0.64868374362341441  0.65098179412014112  0.65327984461686794
  0.65557789511359466  0.65787594561032137  0.66017399610704808  0.66247204660377479
  0.66477009710050150  0.68514395034782749  0.72421990997400132  0.74456797199156022
  0.76491603400911901  0.79285968921212890  0.79518883705601151  0.79751798489989423
  0.79984713274377683  0.80217628058765955  0.80450542843154216  0.80683457627542488
  0.80916372411930748  0.81149287196319020  0.81357580376650340  0.81547116570418887
  0.81736652764187434  0.81926188957955981  0.82115725151724528  0.82305261345493086
  0.82494797539261633  0.82684333733030180  0.82873869926798727  0.83063406120567274
  0.83252942314335820  0.87653567918237785  0.87666309277216592  1.00000000000000000
  0.02135371764500933  0.04213681111568637  0.07339474683489458  0.08884023014532336
  0.09487367698598244  0.10090712382664152  0.10694057066730056  0.11297401750795959
  0.11900746434861860  0.12504091118927763  0.13107435802993664  0.13710780487059565
  0.14314125171125466  0.20890131441707033  0.32278210455053508  0.41714081107255901
  0.41984111732699692  0.42254142358143482  0.42524172983587277  0.42794203609031067
  0.43064234234474857  0.43334264859918653  0.43604295485362443  0.43874326110806233
  0.44144356736250029  0.44414387361693819  0.44684417987137609  0.44954448612581405
  0.45224479238025195  0.45494509863468985  0.45764540488912780  0.46034571114356571
  0.46304601739800366  0.46574632365244162  0.46844662990687957  0.47114693616131753
  0.47384724241575549  0.47654754867019344  0.48259064235511934  0.52264074981788100
  0.52536199770299863  0.52808324558811637  0.53080449347323400  0.53352574135835173
  0.53624698924346936  0.53896823712858699  0.54168285551772566  0.54361348952172917
  0.54554412352573267  0.54747475752973618  0.54940539153373968  0.55133602553774319
  0.55326665954174670  0.55519729354575020  0.55712792754975360  0.55905856155375711
  0.56098919555776061  0.56291982956176412  0.56485046356576762  0.56678109756977113
  0.56871173157377464  0.57064236557777814  0.57257299958178165  0.57450363358578505
  0.57643426758978855  0.57836490159379206  0.58029553559779556  0.58222616960179907
  0.58450911172854181  0.58726573552766870  0.59002235932679559  0.59277898312592248
  0.59553560692504925  0.59829223072417614  0.60104885452330303  0.60380547832242981
  0.60670877281173274  0.60963418258851909  0.61255959236530544  0.61548500214209168
  0.61841041191887802  0.62133582169566426  0.62426123147245061  0.62680286060598178
  0.62921482738140178  0.63162679415682166  0.63403876093224154  0.63645072770766142
  0.63886269448308131  0.64127466125850130  0.64368662803392118  0.65835762959959487
  0.77223841973305951  0.88611920986652426  0.93464887539545694  1.00000000000000000
   3.1174070763119388E-006  -1.0000000000000000     
 F F F F
  <DiscreteSampler_grid>
  grouped_processes
  1 # 1 for a reference and 2 for a running grid.
  10 # Attribute 'min_bin_probing_points' of the grid.
  1 # Attribute 'grid_mode' of the grid. 1=='default',2=='initialization'
  0.0000000000000000 # Attribute 'small_contrib_threshold' of the grid.
  0.5000000000000000 # Attribute 'damping_power' of the grid.
 # binID   n_entries weight   weight_sqr   abs_weight
    10   10   1.552060032482115E+004   2.408890344428385E+008   1.552060032482115E+004
  </DiscreteSampler_grid>
