  0.00820515158162172  0.01784985228380366  0.03047580774780104  0.04299257263745711
  0.05452588554446319  0.06539611349127794  0.07585663393309630  0.08607501117835736
  0.09609889069675737  0.10613050671516282  0.11605129059608872  0.12622015036467185
  0.13653614391012200  0.14712658766354184  0.15748398511336198  0.16777962382749609
  0.17819603027727096  0.18896432143422853  0.19978165787652485  0.21060950572166062
  0.22118786877921376  0.23183009944180535  0.24227089655903775  0.25282011625546941
  0.26315675735725003  0.27401099138740020  0.28491938192479555  0.29562040304604748
  0.30635977921448515  0.31720841036215097  0.32819972140092107  0.33907146565880336
  0.34982185609985372  0.36057597098903921  0.37123989904176569  0.38205788041275729
  0.39294428346327209  0.40382950718412786  0.41497627123455172  0.42569501071882904
  0.43644504226737046  0.44691142964937047  0.45750333473612220  0.46793791013996744
  0.47829959246510390  0.48854423097878541  0.49869690133526212  0.50874192158182330
  0.51868328664722840  0.52854875538693202  0.53845769830796453  0.54847643533329893
  0.55861421626897123  0.56840142068098343  0.57839268990942727  0.58841611100761781
  0.59826741448176080  0.60779732685117271  0.61744197933234535  0.62713750897892107
  0.63720668183414875  0.64721654668303308  0.65766820475490606  0.66794138731205266
  0.67848342773899240  0.68902390832960014  0.70017757366221456  0.71124371595938485
  0.72208778056495371  0.73275186487283339  0.74279707069766987  0.75309456333469438
  0.76354616367893391  0.77445633382819179  0.78492686698316028  0.79534185413452896
  0.80579655854392807  0.81605443548593881  0.82621012393901394  0.83665125671417973
  0.84748360243953402  0.85806962846507262  0.86841868225286156  0.87869835980199962
  0.88914954021623105  0.89930365740830254  0.90919534952102565  0.91921296530385976
  0.92975165323584719  0.94048490609730018  0.95117248190661441  0.96167864041458406
  0.97176528117839578  0.98180944230146128  0.99160190579952123  1.00000000000000000
 -0.00197662679317950  0.00958563476038160  0.01950675001020529  0.02958858207093309
  0.03937900587716253  0.04931983582782868  0.05958648672677001  0.07081071244933382
  0.08190029644057971  0.09280771363710988  0.10346561844119134  0.11407935791846463
  0.12474367849460473  0.13514972150211443  0.14569074385236896  0.15624418159514677
  0.16678743997763892  0.17700359972035110  0.18721204063032265  0.19779827166623631
  0.20827774647327818  0.21874849748238304  0.22919431288786984  0.24002888052274618
  0.25080772249836902  0.26144417883998194  0.27191130812261910  0.28232540208675222
  0.29257578120579014  0.30272195300316213  0.31283083076824686  0.32308679927349471
  0.33322998378901392  0.34338826210410639  0.35358376817921394  0.36410436655312362
  0.37452723122993969  0.38446166081368560  0.39447524649938104  0.40522081179014885
  0.41655263341209914  0.42752083349899928  0.43834063400923995  0.44929095541650316
  0.46064314876240081  0.47198259713742019  0.48366233434383560  0.49528426458947328
  0.50686258306535537  0.51804814833553625  0.52902980731924010  0.53976856970759635
  0.55059378387947189  0.56145377222707549  0.57212698595557709  0.58248663127969513
  0.59290095738933635  0.60328227856718564  0.61381231788183988  0.62458477844134108
  0.63571851866590579  0.64687493162798293  0.65742194020164113  0.66775670415523392
  0.67809805232262044  0.68842091985506026  0.69883422449547639  0.70931655423940043
  0.71992355562180099  0.73052608091320781  0.74113940253235877  0.75181216188885625
  0.76227762945081723  0.77258898398006148  0.78302856432239709  0.79340957581121241
  0.80384695790565319  0.81459134094922270  0.82530616972870452  0.83594202093540038
  0.84605543538856631  0.85656400364021645  0.86711838769385774  0.87786912301485753
  0.88808677129567670  0.89832954717553470  0.90824033681717675  0.91840428097845228
  0.92855709783200202  0.93886674781407964  0.94919126210409144  0.95933209443418033
  0.96970954747936333  0.97985335970617349  0.98992956035093138  1.00000000000000000
 -0.00239007703713741  0.01004361596183056  0.02034908501537807  0.03080976705017894
  0.04084663234671251  0.05098405524521663  0.06097647215702142  0.07125364172076687
  0.08132213063359105  0.09166601072496852  0.10195022600340772  0.11224974731306128
  0.12245523567921786  0.13281181729232855  0.14311015875625369  0.15342989180981376
  0.16409593653967697  0.17501184657208924  0.18617032724508678  0.19667154360082401
  0.20748721992327859  0.21796259101569754  0.22837184535139921  0.23830607492387126
  0.24820617955144569  0.25832966754737641  0.26832536011986208  0.27825809671932955
  0.28824045212642213  0.29832782248218537  0.30835106239003812  0.31843006377515254
  0.32866236670982385  0.33898806392351616  0.34938983628164766  0.35977069614633683
  0.37031588937526067  0.38058402169815320  0.39055642620463416  0.40051607164863923
  0.41081439871648978  0.42116522584698862  0.43147774624307755  0.44196078078456075
  0.45262384056274096  0.46306729221279180  0.47320463104274935  0.48325480373778523
  0.49328290021638793  0.50316433912654401  0.51310072216451619  0.52344842530053681
  0.53417734876024137  0.54496260943840580  0.55564578368494633  0.56627157726901312
  0.57692902197450502  0.58740575192118394  0.59769405284871135  0.60820935879672211
  0.61903780322163859  0.62971332904929000  0.64017551358286040  0.65060844188725808
  0.66120263157027981  0.67198128078792885  0.68281908219187681  0.69359566007774931
  0.70414453591327730  0.71453064347895978  0.72489200982717206  0.73537526938027109
  0.74612100081330923  0.75702336816674032  0.76773231149035626  0.77819885686492196
  0.78874237162780159  0.79961812562323187  0.81061098946835053  0.82132513531829665
  0.83198949384410759  0.84273854200306475  0.85347282170330230  0.86435319066411076
  0.87524969432353394  0.88667852886291487  0.89795207786421594  0.90899076827702607
  0.91971351960559011  0.93018350263082983  0.94092473424304368  0.95232943970338280
  0.96381764101687106  0.97552619953336628  0.98767016842456345  1.00000000000000000
 -0.00216345366542670  0.00769894752777794  0.01618488208758495  0.02524377359532207
  0.03458810336607164  0.04393569112053793  0.05342103679157741  0.06294548023038214
  0.07258181861931412  0.08219996105187893  0.09201692418507355  0.10205804299848519
  0.11234441907229707  0.12252553742956139  0.13262247601118002  0.14266794688568854
  0.15278793505862628  0.16320886393042541  0.17376145087085554  0.18421663033028354
  0.19462015422236606  0.20480897539819182  0.21489057904520653  0.22478741214722220
  0.23512875087862820  0.24582528855958738  0.25672322527976293  0.26762280647691117
  0.27851687575985801  0.28951139469298887  0.30037752797201089  0.31142772115563699
  0.32232149300624419  0.33300858889968088  0.34365129297717423  0.35450442576682323
  0.36555301001275814  0.37659660971429393  0.38731879167791528  0.39837080368567013
  0.40954558524902890  0.42068177807094553  0.43166813285394362  0.44297172038003119
  0.45491552381543710  0.46719356230263837  0.47901333886745101  0.49049787922586835
  0.50167007570990296  0.51277785496074979  0.52390480770499492  0.53513164040705352
  0.54657798845482741  0.55796874082677894  0.56918350787856697  0.58008792641744278
  0.59121637062463117  0.60259357745508857  0.61385450235549899  0.62525078153488767
  0.63676563083756310  0.64833079307890695  0.65928593097558597  0.67022423669499787
  0.68111205522481533  0.69183512688091686  0.70239166456010405  0.71302817242695959
  0.72385860011857484  0.73469880451732927  0.74545850167344185  0.75622111649622159
  0.76704704194612272  0.77816880902801711  0.78946896036134073  0.80072243547041977
  0.81190542778427899  0.82295091754613736  0.83387573196585263  0.84440433413001548
  0.85457744463939345  0.86461630489758801  0.87462103921256196  0.88470977937262574
  0.89503084759248208  0.90556770999508807  0.91606869634254307  0.92610276484782328
  0.93582021978869068  0.94520813951518068  0.95436974513482853  0.96332757321632301
  0.97225121106027468  0.98112411929816334  0.99047180793051537  1.00000000000000000
 -0.00203732124303855  0.00982514141486888  0.02025042047438703  0.03037834888486202
  0.04058236996135601  0.05094164948011014  0.06149852239524389  0.07200874900700814
  0.08220813158567930  0.09293287075953288  0.10392232516844452  0.11472540410389624
  0.12539794330392892  0.13626772190236433  0.14724078815961972  0.15851522798754172
  0.16928560627975564  0.18051351569823185  0.19115954424026230  0.20164814505679468
  0.21194622526987822  0.22211832405470880  0.23204770634585944  0.24183308252164010
  0.25179225866902727  0.26207630743674271  0.27239679549747092  0.28310266126683131
  0.29359842462390634  0.30422065857942149  0.31449116171217156  0.32491469285924329
  0.33543118676432843  0.34583015686596796  0.35604274070294029  0.36634495739732398
  0.37681436830158249  0.38748300523157947  0.39796627063473616  0.40784006813893270
  0.41783665052645874  0.42785345473158543  0.43797215272280177  0.44849993497708879
  0.45881912965921340  0.47000146992505587  0.48099633671928782  0.49177048271090684
  0.50246410452673895  0.51316684391045464  0.52390515295040307  0.53464501911802442
  0.54534459458580742  0.55630200913206762  0.56690093419280785  0.57749895494953163
  0.58813334154155228  0.59869641071213242  0.60945345322801214  0.62024910484297613
  0.63102931415624131  0.64164331294355326  0.65236267200188869  0.66301555244221466
  0.67324632459618705  0.68349795285952453  0.69364382197451924  0.70398250297873000
  0.71408520550125043  0.72423981691963391  0.73459840096566031  0.74519593728990974
  0.75597926149196215  0.76668496047861012  0.77698359734316280  0.78737293239097794
  0.79795492697397674  0.80859101358668550  0.81909562967366911  0.82911546846293760
  0.83945197322880993  0.84979592442593244  0.86020434759027742  0.87089284748327411
  0.88164744855310739  0.89250501229696633  0.90287858495593776  0.91297209651158651
  0.92311655105097978  0.93363002320354394  0.94450034481102263  0.95540065871498037
  0.96647422380023318  0.97746806034571021  0.98884379923739507  1.00000000000000000
 -0.00320832054855587  0.05087692643943785  0.06887395857740100  0.08104685927859601
  0.09164406202253421  0.10126658370540396  0.11026844034178290  0.11869785031348505
  0.12688502721199404  0.13482911406241374  0.14276643968402231  0.15044094936639160
  0.15776063057297190  0.16498749602420001  0.17211388931762259  0.17936156910838436
  0.18651470049709609  0.19349951879688687  0.20025739018370223  0.20697916170664360
  0.21377127930282810  0.22066418571974852  0.22736514843081296  0.23412487019685713
  0.24073068302056078  0.24745864421792504  0.25436132964650049  0.26132517018220641
  0.26830347813238886  0.27526734026317140  0.28217743346783569  0.28903675391168043
  0.29591076028129099  0.30281724750965056  0.30970400699484402  0.31670323375762277
  0.32354111612178632  0.33052948479108080  0.33738133444082802  0.34412787312499299
  0.35096191152652700  0.35794120979822158  0.36502906062406543  0.37232778551677592
  0.37935893387042324  0.38619773557573378  0.39297046173190719  0.39970888350444478
  0.40655356758860417  0.41348732345197015  0.42040274882798873  0.42721960462273212
  0.43409408799839910  0.44103129546291225  0.44823669108427022  0.45546700779507315
  0.46280581407829818  0.47021186337517229  0.47769383596814868  0.48534859941502395
  0.49310553078056663  0.50082450931487410  0.50884515061224189  0.51697974494631882
  0.52524527479114691  0.53353272023936982  0.54186049720173723  0.55027611158909118
  0.55871186046719556  0.56721838581024020  0.57584729186987615  0.58449321083034800
  0.59319784248943153  0.60209455421314062  0.61123079493930932  0.62061675475658740
  0.63027646488785460  0.64036754576914634  0.65090346750137584  0.66156071835391139
  0.67216289154001407  0.68276363556621278  0.69401276492562713  0.70574875206294663
  0.71792369067714357  0.73042779420786996  0.74386249465098564  0.75770292372013881
  0.77268403687959342  0.78920232720474903  0.80683240619955787  0.82633806235161467
  0.84882485099477711  0.87583251888986080  0.91522545459794424  1.00000000000000000
 -0.02037981347092542  0.14844094524035634  0.20159005204962452  0.23533769344047434
  0.25979165000911580  0.28004878040878273  0.29789522287620657  0.31397651704923230
  0.32879305585101437  0.34254919459831612  0.35514571302836850  0.36668742071206956
  0.37776624102567430  0.38833330136682798  0.39845452878954379  0.40788723207376082
  0.41711147008405686  0.42587928968550509  0.43441676309104366  0.44261576997049668
  0.45042144017587343  0.45808119238495743  0.46551559274144211  0.47281897739435985
  0.48004110568627190  0.48711948662773452  0.49401839221765770  0.50064020397607323
  0.50698553417960901  0.51326234326379483  0.51953246819150578  0.52555098697219904
  0.53146151396609964  0.53731904120902607  0.54307058962309751  0.54867672738752216
  0.55418386478343551  0.55964919554493608  0.56500260309365458  0.57023383129275329
  0.57552475712786488  0.58084854501119010  0.58618788034878078  0.59143233386861538
  0.59656747152255762  0.60160735518591713  0.60666981147291732  0.61166697770467293
  0.61667681639001970  0.62169801355985455  0.62670733568051673  0.63172931876806482
  0.63673972272037094  0.64170311173335315  0.64665495399879658  0.65159098158723361
  0.65646338398194104  0.66133004879401192  0.66613355433368615  0.67087387222587669
  0.67564607709577384  0.68045715693594666  0.68531312859587945  0.69026781620364597
  0.69527957540642482  0.70028924100149470  0.70528854234877258  0.71022414930134870
  0.71516445964156872  0.72014719829539797  0.72516544423516138  0.73029832300062314
  0.73552928148448826  0.74078160527523074  0.74602074116757588  0.75136098628458392
  0.75691319831020432  0.76253779640540831  0.76821426803916026  0.77414234384642600
  0.78037706511934402  0.78660408457807596  0.79317430233420771  0.80003041047441714
  0.80707773992772347  0.81433731570737344  0.82202597697527657  0.83030038176848131
  0.83915490207700494  0.84860548384494994  0.85898784694331065  0.87081006962262975
  0.88506351720761856  0.90301016373809395  0.93150129236724566  1.00000000000000000
   1.8447246046010787E-004  -1.0000000000000000     
 F F F F F F F F F F F F F F F F
  <DiscreteSampler_grid>
  grouped_processes
  1 # 1 for a reference and 2 for a running grid.
  10 # Attribute 'min_bin_probing_points' of the grid.
  1 # Attribute 'grid_mode' of the grid. 1=='default',2=='initialization'
  0.0000000000000000 # Attribute 'small_contrib_threshold' of the grid.
  0.5000000000000000 # Attribute 'damping_power' of the grid.
 # binID   n_entries weight   weight_sqr   abs_weight
    10   10   9.377064031257297E+007   1.272578535839669E+016   9.377064031257297E+007
    11   10   9.377064031257305E+007   1.272578535839673E+016   9.377064031257305E+007
  </DiscreteSampler_grid>
