  0.00047695434966042  0.00048886426320159  0.00050035119982752  0.00051009979226444
  0.00051927899751760  0.00052810259413210  0.00053657812903214  0.00054476836404385
  0.00055283241156322  0.00056072480502171  0.00056856885318639  0.00057635406541249
  0.00058412508644200  0.00059198914259727  0.00059999006842978  0.00060801001999530
  0.00061609454104996  0.00062433244884379  0.00063281835089411  0.00064159547700392
  0.00065041093995889  0.00065932743990610  0.00066830381333891  0.00067744019619524
  0.00068679380779546  0.00069634247034045  0.00070628907320013  0.00071641864637453
  0.00072667412039222  0.00073730512075038  0.00074836307212434  0.00075977821325079
  0.00077141152401176  0.00078296632662125  0.00079471436855286  0.00080663321158683
  0.00081946421393209  0.00083286587781130  0.00084669187267238  0.00086079677131935
  0.00087506689580439  0.00088978461615740  0.00090571565831625  0.00092332162956949
  0.00094085235102809  0.00095829527026011  0.00097658301273709  0.00099594025876558
  0.00101598914543407  0.00103693182223379  0.00105879867159194  0.00108185847076543
  0.00110588919255719  0.00112975275498383  0.00115372589546650  0.00117902960468538
  0.00120703807353888  0.00123522144274849  0.00126453951567625  0.00129597333918406
  0.00133042510220105  0.00136622376394478  0.00140403021986188  0.00144639952568760
  0.00149006668352948  0.00153905485168543  0.00159355927803542  0.00165086571847667
  0.00171076940589064  0.00177324712212875  0.00183896101548850  0.00190944679385284
  0.00198411906550622  0.00206524392190716  0.00215361233244441  0.00225055360262947
  0.00235289962567533  0.00246157489876727  0.00257969770005551  0.00271369227520634
  0.00286162765238701  0.00302990500888903  0.00323056605052487  0.00347320405078869
  0.00373989377985375  0.00404036226142653  0.00441125816931507  0.00486832810463988
  0.00547667088713344  0.00624418332955082  0.00740831518137447  0.00899651040145098
  0.01417772301132833  0.02292692618662599  0.13151361730077135  1.00000000000000000
 -0.00222278996408848  0.00963699627695224  0.01980285580910665  0.03070502037318742
  0.04177274912844421  0.05298109841492403  0.06380291543368752  0.07467494250852065
  0.08512291996943915  0.09581447763963730  0.10610617969606360  0.11657243155048168
  0.12724807022346513  0.13826404023518604  0.14924111822748798  0.15991523275190622
  0.17028031330544968  0.18119836262935266  0.19187679803207705  0.20286069134891174
  0.21339663218465207  0.22411717490798527  0.23427277954666770  0.24404137455178096
  0.25386447033248016  0.26406347280321879  0.27433819562436351  0.28534416138456231
  0.29641144530448049  0.30793433111538193  0.31940780103341032  0.33068630774860591
  0.34179515286571255  0.35301946757094749  0.36402878197748467  0.37493300793441514
  0.38513864049561813  0.39539142868710331  0.40600088354058844  0.41659225793414856
  0.42714850993372161  0.43742533327905336  0.44791667960774134  0.45832120307026769
  0.46883257412003981  0.47995562007468562  0.49140215545142701  0.50290839961087630
  0.51393194061362713  0.52479485770345158  0.53566016396788030  0.54633846213410486
  0.55659031424078176  0.56648625747993120  0.57630895356223655  0.58624633779388746
  0.59611441612327931  0.60608180871095807  0.61631155303381413  0.62655761964474455
  0.63680947657707643  0.64695904210015254  0.65713321156986004  0.66743625110977522
  0.67748754935614208  0.68765536779687153  0.69749969045096016  0.70747185350379471
  0.71763018828898384  0.72789941258471180  0.73858449711820739  0.74946968087375598
  0.75999091561006016  0.77065309808970639  0.78108848870572034  0.79165473306934542
  0.80183710208344894  0.81234836671465727  0.82325684265867305  0.83395999581755664
  0.84445938332462944  0.85511468132655599  0.86605323902443687  0.87697251437982637
  0.88759048171777732  0.89828875517160844  0.90902635428102441  0.91970940695463776
  0.93027345778862824  0.94034684559222304  0.95017305755462556  0.95980225997805790
  0.96967894906692997  0.97955341053927547  0.98976701968221881  1.00000000000000000
 -0.00262543741574361  0.01120048733569948  0.02218816834521227  0.03290499489704634
  0.04338759059088135  0.05387800881663439  0.06451600236592051  0.07536291776584046
  0.08627113455323342  0.09727729227471063  0.10821597735492688  0.11892471204333753
  0.12973766119970964  0.14029407293498480  0.15065671393135904  0.16110962806642373
  0.17220910434108516  0.18388388304221848  0.19525570321133354  0.20650423457347944
  0.21772132493333241  0.22868535410871649  0.23948746587310552  0.25026188193300125
  0.26113875108449430  0.27186179041181208  0.28217846732704266  0.29257329251436276
  0.30333523144590047  0.31403507713649409  0.32429669311425885  0.33422358774855271
  0.34418636386606360  0.35422301738673384  0.36408912224127959  0.37385591084789327
  0.38332461645441729  0.39273319890948238  0.40231805148916772  0.41223882189042665
  0.42270461428269934  0.43373057412949156  0.44527710115194497  0.45665775929051922
  0.46784580855293206  0.47880912511034845  0.48964986473425975  0.50040832209026287
  0.51120764679124964  0.52187525017196212  0.53234639722941002  0.54243963019522967
  0.55253253431613680  0.56230340477123797  0.57186732737836810  0.58087904350043973
  0.59047312167760380  0.60001294446093201  0.61052977991831936  0.62150432116413645
  0.63239068708457014  0.64318414959192594  0.65362184106772381  0.66446000266088601
  0.67468461218979170  0.68437849909665438  0.69418262451181278  0.70389736753155374
  0.71364566430450738  0.72324857497413675  0.73345613794236064  0.74454781688380745
  0.75562294119300977  0.76662949091899935  0.77772287088515146  0.78914331633294077
  0.80019017038231066  0.81110521091578347  0.82153098013730352  0.83160282903529481
  0.84158045713728868  0.85152374799566977  0.86212966361328314  0.87283698432034140
  0.88409800458907217  0.89455571116362698  0.90515088931448417  0.91510696783533285
  0.92535214807365340  0.93550259454905071  0.94616578071315727  0.95711376054251196
  0.96804451197083308  0.97887008351248284  0.98948155963888884  1.00000000000000000
 -0.00325572576688570  0.01656295524885951  0.03284510480696688  0.04853577432137331
  0.06358341734988113  0.07831723037330574  0.09254092122899044  0.10642103952828247
  0.11976604576736369  0.13231376513976037  0.14417805550189020  0.15543416216517894
  0.16619310214995944  0.17653420100583553  0.18667057012645979  0.19684253034083080
  0.20691663193919205  0.21692247327045402  0.22696155630371947  0.23709853275020842
  0.24699700306673683  0.25653712843189064  0.26595861376997343  0.27569891151812376
  0.28554064272058233  0.29525835805972978  0.30466327181272518  0.31395483592261447
  0.32337502704543269  0.33271753570556373  0.34204498735333527  0.35141201940094863
  0.36096166058893608  0.37072296324999593  0.38009257325075191  0.38909700192170604
  0.39817892243762121  0.40729125097178637  0.41715194664952665  0.42607624017403384
  0.43497747005951160  0.44328150883256145  0.45200154635501327  0.46074437258209111
  0.46940287080738674  0.47815492484424543  0.48688668343370389  0.49609635660649637
  0.50521684876302753  0.51450895351645021  0.52348116081687956  0.53235179651589670
  0.54118095144315170  0.55036987672174909  0.55976036578946209  0.56970228233533127
  0.57961103370131573  0.58945426149784341  0.59959410379224565  0.60939188648828713
  0.61858714815751559  0.62763080517413194  0.63660839671925074  0.64539088955466239
  0.65392838200816850  0.66242917066326246  0.67100448051714312  0.67979300031477008
  0.68876092258921873  0.69759886918914360  0.70646561746222225  0.71531453529131317
  0.72423486058110975  0.73344905682897610  0.74271959301044954  0.75198416274726665
  0.76137020000090294  0.77085852548966594  0.78060597899078654  0.79028705600065996
  0.80009232742781033  0.80989581246537801  0.82030843486047678  0.83116665090574937
  0.84261808880139022  0.85420422263860318  0.86584921335428555  0.87805718209080119
  0.89091319558423221  0.90400653442893109  0.91732880197888822  0.93146297116193189
  0.94671499941524007  0.96307952407992836  0.98095743509773603  1.00000000000000000
 -0.00264350241042051  0.00939341728376170  0.02016894090131386  0.03123915161993933
  0.04253406129579902  0.05385968408400258  0.06493983277966854  0.07609758884526295
  0.08710999444043460  0.09813079419215200  0.10904139333411404  0.11981103742707896
  0.13065347798152646  0.14171485542065793  0.15278357195879730  0.16387444668980491
  0.17427568858037301  0.18457546419940893  0.19423656412663151  0.20381943337486008
  0.21348672582263536  0.22351781672721682  0.23354305443872117  0.24348467783216010
  0.25292811055482212  0.26242924163897940  0.27205518183931449  0.28229041411162115
  0.29268019397705669  0.30306516246185694  0.31355753431585909  0.32412626241101389
  0.33456846401912216  0.34486788597766987  0.35521183970764608  0.36637193626733139
  0.37711711534979619  0.38808896084859890  0.39857993514686091  0.40885747678943196
  0.41892916936769736  0.42878408826146114  0.43924078779645254  0.44995730176947069
  0.46022730842581266  0.47018356433747599  0.47993990957298727  0.48959099207037138
  0.49938112524348771  0.50942748115391057  0.51962780815026444  0.53058219933746820
  0.54120323187004771  0.55206672796413614  0.56264267391468503  0.57294386712687773
  0.58336873486314100  0.59352643311872888  0.60381613725735750  0.61412739334432132
  0.62451716344649710  0.63488502008932202  0.64521279727052794  0.65628826402297302
  0.66765768801099956  0.67916329523507668  0.69025932209555907  0.70154249980981365
  0.71208909594659309  0.72216996879036321  0.73239977332010331  0.74345144876631208
  0.75422548269371770  0.76482016034201861  0.77512639065361821  0.78639129607573199
  0.79766477349871756  0.80946040395116092  0.82065835433756784  0.83128720834455583
  0.84188611126401003  0.85251663063898375  0.86292852518333418  0.87286555517856601
  0.88254979205057482  0.89258408374498155  0.90275113901964898  0.91391076762623025
  0.92477996401953944  0.93578549973633307  0.94669312902517078  0.95822767954614863
  0.96885672553798208  0.97915503450125851  0.98960451911106229  1.00000000000000000
 -0.00952571235956861  0.06529140379678254  0.09971452237158800  0.12351903331066774
  0.14348111853915127  0.16100652706569998  0.17682267625664427  0.19126554517727365
  0.20483552510048722  0.21755834593457474  0.22957619247322639  0.24121245204546551
  0.25246462350008042  0.26353951804680992  0.27420740988306747  0.28446436919562307
  0.29444623343285242  0.30393068382884475  0.31320227233626635  0.32212881889390216
  0.33097334153356034  0.33981184420783106  0.34880699616531624  0.35793671532597926
  0.36674132975039309  0.37504454939771431  0.38300697811350171  0.39088516113702521
  0.39872826754430507  0.40633630778198571  0.41367819324529864  0.42091067932709059
  0.42807672296694854  0.43519214356354458  0.44223087971408220  0.44916680592382252
  0.45602198184365161  0.46313113261217537  0.47030105472152106  0.47773047996829621
  0.48480698667197258  0.49157490939979726  0.49828937264400913  0.50505162404945658
  0.51188204931418579  0.51856568456511920  0.52502442600025601  0.53139765746742806
  0.53787913099953522  0.54476883018289024  0.55188015905534960  0.55882893829610014
  0.56573057055074427  0.57256603446561039  0.57933281484697707  0.58609112648719541
  0.59279598877005701  0.59970300224550366  0.60654668996613836  0.61339760413037658
  0.62032122072699891  0.62725774879091789  0.63435230449232138  0.64154566021675219
  0.64891152110553962  0.65640327920701014  0.66393407233356605  0.67147405671253335
  0.67900872527550982  0.68650756197474050  0.69401901475999339  0.70159674274840800
  0.70905405945025857  0.71665778746743891  0.72441004240154172  0.73238323761796009
  0.74059347537559228  0.74869195395448496  0.75683548816568302  0.76494508275178374
  0.77347455979750668  0.78240027891563113  0.79191499763936146  0.80137827533530059
  0.81068651819611903  0.81982344275210761  0.82895252181305856  0.83862497689271809
  0.84913784757370503  0.86022842741463290  0.87273299502827228  0.88677962516104125
  0.90278054670049179  0.92163667876601651  0.94836630585603687  1.00000000000000000
 -0.01842961773644555  0.11340779036406284  0.14894361732154965  0.17167582509933726
  0.18991088043385043  0.20520042230775945  0.21808402918491868  0.22968637365479674
  0.24028367538747628  0.25041444854663764  0.25966937571144433  0.26843857058581594
  0.27679049311341475  0.28503009152007208  0.29299033404595426  0.30092813140747127
  0.30870166982502178  0.31619312961091228  0.32333714901743377  0.33024912199674128
  0.33690320238678556  0.34320253841041615  0.34957477399784509  0.35594310911835142
  0.36233245905539851  0.36874692990620456  0.37485442428175980  0.38063745148905487
  0.38628197873719616  0.39195246870348105  0.39774755005719176  0.40367120075718765
  0.40956301425620062  0.41534990138822958  0.42128959376254854  0.42731925093995821
  0.43349380971952828  0.43935753248580894  0.44506325239476108  0.45067880890540296
  0.45625792034250023  0.46171674334643209  0.46697856662849752  0.47214344850682660
  0.47740088980922840  0.48282799478182714  0.48842615017677876  0.49411598523275491
  0.49968548711491761  0.50522877894538720  0.51059568983856762  0.51586995659895374
  0.52124737997657600  0.52674931500459876  0.53227136847666678  0.53776020844862804
  0.54321377483160149  0.54868921602129483  0.55430673535970543  0.56007459621249478
  0.56585777635526902  0.57165147490224910  0.57736431785793718  0.58316961622533459
  0.58899992472626728  0.59492207776413641  0.60077876352261383  0.60669447648739494
  0.61257350939481758  0.61845935356186599  0.62457230386303542  0.63097718052302432
  0.63754299250317914  0.64428998531072812  0.65133653166390559  0.65864764135334819
  0.66598212128175116  0.67324852376758038  0.68072424704006917  0.68833294504557252
  0.69619661682828338  0.70413787330659239  0.71230322299441529  0.72066880536664935
  0.72927693631592072  0.73828875608970856  0.74778403863161624  0.75830885870002196
  0.76957303065079674  0.78202266622878669  0.79558447269170662  0.81099957921919663
  0.82882246795331227  0.85139540363025035  0.88639374220985401  1.00000000000000000
   4.7110549605682628E-007  -1.0000000000000000     
 F F F F F F F F F F F F F F F F
  <DiscreteSampler_grid>
  grouped_processes
  1 # 1 for a reference and 2 for a running grid.
  10 # Attribute 'min_bin_probing_points' of the grid.
  1 # Attribute 'grid_mode' of the grid. 1=='default',2=='initialization'
  0.0000000000000000 # Attribute 'small_contrib_threshold' of the grid.
  0.5000000000000000 # Attribute 'damping_power' of the grid.
 # binID   n_entries weight   weight_sqr   abs_weight
    10   10   1.330873747582735E+002   3.033317059240059E+004   1.330873747582735E+002
    16   10   1.330873747582735E+002   3.033317059240060E+004   1.330873747582735E+002
  </DiscreteSampler_grid>
