  0.00803085121950895  0.01805669942223435  0.03033607882830217  0.04212717928932878
  0.05340090816616717  0.06424951818959490  0.07462533124196309  0.08513912373494181
  0.09627053832522484  0.10726512651403346  0.11773526644349218  0.12791369694558172
  0.13810976896219743  0.14802209029216329  0.15763570963649465  0.16733826368302002
  0.17719324362495215  0.18713628777064881  0.19684735255977046  0.20660395207933371
  0.21662350087750618  0.22685502583220793  0.23683518665995912  0.24674063887962563
  0.25700434310007003  0.26758214246718481  0.27810222918057198  0.28853203345295453
  0.29882506902305633  0.30903974070315632  0.31902031986709467  0.32900419977206502
  0.33932399946928771  0.35003934803206649  0.36103480389022946  0.37215351508271904
  0.38311481101948591  0.39417525946260218  0.40519079536811897  0.41610405879959833
  0.42675837108931214  0.43725722483531748  0.44768900561879316  0.45823586712899506
  0.46881156067265434  0.47961789193492732  0.49038938675038329  0.50131097848692718
  0.51202178373810070  0.52248451615340463  0.53262739470359377  0.54266237354911018
  0.55267639478641339  0.56277114981942111  0.57293986650214468  0.58319222345024513
  0.59334211973536133  0.60346259715610895  0.61348582228264326  0.62372058454785217
  0.63435689320020927  0.64563196132016443  0.65715175476021193  0.66879647121138541
  0.68038490724028045  0.69193419771464193  0.70320969928841548  0.71372917655113033
  0.72410121218559975  0.73439646076226184  0.74490977518675006  0.75489479366709744
  0.76456035320492344  0.77456994481566832  0.78483446164647996  0.79537657695881647
  0.80584476363421420  0.81650927410218843  0.82760843317515098  0.83870067815205163
  0.84981892356210376  0.86045779668409428  0.87104109250011519  0.88181133356213615
  0.89276971785914605  0.90340262044085284  0.91407108477884225  0.92402253905842191
  0.93368881213870836  0.94291066780467137  0.95215131896029592  0.96167657224983971
  0.97149416063908722  0.98141156373274596  0.99137539316775369  1.00000000000000000
  0.00002672543410375  0.00010612900378011  0.00015635179464113  0.00019490813034015
  0.00023130514916308  0.00026570015340491  0.00030194534488379  0.00033601953667239
  0.00036840075282593  0.00040016009164309  0.00043179502781044  0.00046462649172873
  0.00049739590898528  0.00052999751525611  0.00056268364510001  0.00059541397141310
  0.00062835341345390  0.00066206980913477  0.00069684470098476  0.00073277858352402
  0.00076938469453307  0.00080722165920730  0.00084638800994115  0.00088616708410233
  0.00092673680962519  0.00096814725160306  0.00101019774567091  0.00105330475724557
  0.00109765801499471  0.00114252513471807  0.00118709844428305  0.00123312622815056
  0.00128340897383033  0.00133465935388812  0.00138889283542536  0.00144457780097285
  0.00150189090708806  0.00155986421126162  0.00161812638678030  0.00167689951986112
  0.00173906104989746  0.00180174539611912  0.00186765268983553  0.00193307585793655
  0.00200295585964276  0.00207670834022555  0.00215286052581798  0.00223162784087929
  0.00231217080085192  0.00239655398790513  0.00248268422909696  0.00257153029452176
  0.00266220363686076  0.00275854214214095  0.00285908771438617  0.00296425896056020
  0.00307355276579115  0.00318865160969298  0.00331189300784858  0.00344163138816095
  0.00357875925272501  0.00371808932013446  0.00386218795565473  0.00401758237194975
  0.00418308468748632  0.00436056517177596  0.00454475737182186  0.00474125093733362
  0.00494870452798078  0.00516294075728301  0.00539099434889503  0.00563443720131694
  0.00589157713444049  0.00617791418999309  0.00649832082754020  0.00686585705607557
  0.00727430269765375  0.00771919560041621  0.00816182902264542  0.00860987332507694
  0.00907067495362353  0.00957336916076504  0.01011855504670127  0.01074363201243820
  0.01145360481615260  0.01232826389188514  0.01337763692848488  0.01455685153885334
  0.01595409018610862  0.01744377138881728  0.01924000978925084  0.02157409494746361
  0.02497836954893533  0.03090480029331307  0.31433605975732209  1.00000000000000000
 -0.00265094412595490  0.00950554671994194  0.01987608332229171  0.03070324427777586
  0.04147179903139268  0.05194843443146755  0.06205618472148406  0.07257176219628264
  0.08307045113196854  0.09378366984557683  0.10439894383831394  0.11459669065112764
  0.12478831357128914  0.13453998124600053  0.14464015694319610  0.15543700657232262
  0.16648332938728658  0.17739215293979754  0.18820372930245813  0.19973778616307797
  0.21117511479988113  0.22215936689131000  0.23299631909289542  0.24428597623162610
  0.25513641729824105  0.26594939680344271  0.27641143063557949  0.28757564136631802
  0.29830543313848684  0.30901148558597363  0.31917131107415248  0.32934094880728043
  0.33956788787167136  0.34953841663829233  0.35977637642479698  0.37044286082184391
  0.38089354741758391  0.39118897678397513  0.40133636983520260  0.41167224795008017
  0.42184715561872416  0.43162423771074915  0.44154236543313991  0.45205889037959540
  0.46278579267406755  0.47319373641281853  0.48326984297754888  0.49351501717757640
  0.50394309724803255  0.51478553822559259  0.52605815511725962  0.53753075897310154
  0.54850313727555822  0.55942982750463455  0.57032283555892860  0.58149969611984476
  0.59223198779159458  0.60320121029309570  0.61359145699330064  0.62365618680101198
  0.63374360540401209  0.64360810215730635  0.65377298075893342  0.66368949701944857
  0.67410612142389670  0.68452989128253294  0.69512200455558681  0.70576410527667865
  0.71631614840683766  0.72700431154471801  0.73703955501479856  0.74727699356164079
  0.75741103795407116  0.76761998911539997  0.77836910551312777  0.78915331144870837
  0.80062629123997930  0.81201365934471503  0.82327578733915108  0.83402011748489757
  0.84419300499276384  0.85419273467854118  0.86421458149089880  0.87432069145395275
  0.88458774969169718  0.89492554040411931  0.90594152358791047  0.91699167287009387
  0.92777107927177271  0.93866224763961370  0.94916300773253148  0.95964081626680087
  0.96966855600522672  0.97996766062889162  0.99007260036552436  1.00000000000000000
 -0.00192268269815774  0.00887902057680326  0.01834901270516851  0.02868592403719399
  0.03905800466935593  0.04975584120974162  0.06043985796121151  0.07149104224518009
  0.08269405835025417  0.09336063192646116  0.10401471002877023  0.11432422370368343
  0.12473006831580566  0.13547855977003162  0.14624872917847612  0.15760420485887960
  0.16887833826020107  0.18049997324159836  0.19152389595214281  0.20191304488855746
  0.21243855831664721  0.22299676737425581  0.23359739178424307  0.24411610581611434
  0.25465657458903806  0.26547889910465067  0.27622461220657446  0.28693765392798454
  0.29721510083054126  0.30726686353157778  0.31748452687476220  0.32790162407052786
  0.33832558160957810  0.34866132938513361  0.35908903477258874  0.36955897316341274
  0.38015580426686346  0.39078169443006239  0.40127522324448167  0.41180819757902648
  0.42268018103770016  0.43372334438453547  0.44463398801962117  0.45541448110022131
  0.46599382641570603  0.47648402899292802  0.48692798634316969  0.49745965744522924
  0.50801429885764515  0.51822300445832969  0.52893557787818180  0.53988535834214346
  0.55157670078766974  0.56261041640513643  0.57336911211861441  0.58389657598461298
  0.59480590816709200  0.60599004473663209  0.61722500512632583  0.62806469644265073
  0.63867355449266550  0.64920306117730686  0.65984230591245818  0.67018510051954894
  0.68037096068140568  0.69031095514218321  0.70015540832094758  0.70989246959755914
  0.71978367972410329  0.72984201140440430  0.74055088968623373  0.75147965526223370
  0.76257483617465616  0.77323898704612271  0.78344730216143244  0.79326264083288622
  0.80288030677943567  0.81261788234437005  0.82254010719143911  0.83257850239516928
  0.84279875244892855  0.85337316555955767  0.86416397197313821  0.87483128653602071
  0.88539329480331441  0.89616312023543410  0.90731698713162490  0.91776580388015039
  0.92828799303979059  0.93831121958095187  0.94861599777183869  0.95858947166571451
  0.96885936337073675  0.97940276349678379  0.98960986469286283  1.00000000000000000
 -0.00209397712632567  0.00954484875794981  0.01960793215132979  0.03002124563424341
  0.04070290934856363  0.05140659920856809  0.06203082194812046  0.07226294718141149
  0.08243343603607386  0.09231507522816250  0.10249994941591799  0.11297071512354549
  0.12356889551644450  0.13401205802142135  0.14451293056205058  0.15506058583025031
  0.16559269822256847  0.17598111324120316  0.18639684933563030  0.19672236288740039
  0.20701395375259729  0.21730797165657553  0.22761469531908182  0.23781506163424990
  0.24813479682449024  0.25866395328752445  0.26943525501562676  0.28016099691481350
  0.29093897145469033  0.30155498696187361  0.31209761649573053  0.32204952379649038
  0.33207994630906906  0.34217195220592206  0.35247389995450834  0.36293714339399025
  0.37361376202401170  0.38495993942007400  0.39660113850192352  0.40827092973708190
  0.41937968506811263  0.42973936182993672  0.43990394777586234  0.44999857622518952
  0.46027904640814965  0.47075879225786010  0.48139139404923098  0.49197787143073851
  0.50265435067046682  0.51340821858496455  0.52411049880579075  0.53412015463615359
  0.54422629830672153  0.55523418809636460  0.56632170070742938  0.57735928722263219
  0.58834888107520966  0.59941765667841440  0.61032039594204202  0.62105089952315851
  0.63155410727354400  0.64218075611219683  0.65302581085463207  0.66401110439858968
  0.67489721261366609  0.68566078499634120  0.69665030367440095  0.70739372778831267
  0.71830631853923188  0.72912818308897220  0.74056915610296103  0.75149941252276342
  0.76209719472627946  0.77257036441453730  0.78278010133875109  0.79295424496726163
  0.80293441747931305  0.81284501602736392  0.82267408698115996  0.83247219543148054
  0.84240177412808803  0.85227376881337891  0.86288285689702160  0.87357117758991620
  0.88493640195121426  0.89622386452485570  0.90731994071682576  0.91835553063619157
  0.92904430270433547  0.93972177464126982  0.95014395671500784  0.96035068302418980
  0.97006581546781356  0.97991829008578368  0.98977430352533191  1.00000000000000000
 -0.00245387239966376  0.05655848891672505  0.07733699381966594  0.09238801529410127
  0.10546228811687001  0.11743807493661010  0.12864226317921262  0.13913895300739412
  0.14923205655418523  0.15893594592090271  0.16850420259855903  0.17780333315442803
  0.18684267890236020  0.19560695181783577  0.20412393501905421  0.21265294534676829
  0.22099746355328950  0.22938086746590924  0.23756603108866417  0.24563113394324024
  0.25355959201126810  0.26140635880744156  0.26928080039614943  0.27736865383364517
  0.28554129088638930  0.29355042988437619  0.30140140153596084  0.30914543770466746
  0.31684143436176865  0.32457890718615789  0.33231937733887684  0.33988994911764919
  0.34730720483383992  0.35474626753828437  0.36186978755460419  0.36884579006067408
  0.37561953107451662  0.38220460490018743  0.38877828504135881  0.39544315525684992
  0.40212988826804053  0.40883072862516379  0.41549596586053517  0.42228580194878834
  0.42894568062892879  0.43552352179624854  0.44217198230216764  0.44889662889621318
  0.45577139229762220  0.46286362757530664  0.47005191754852055  0.47731850207029936
  0.48457035626004952  0.49192835271890872  0.49917420152804803  0.50672871596323288
  0.51423321239333819  0.52165504346783942  0.52886072011114738  0.53604356523855645
  0.54325749097966070  0.55046477904559998  0.55769979279787829  0.56493106096432688
  0.57218631627821104  0.57952110409389634  0.58699009940781000  0.59464388076021824
  0.60239669955209929  0.61063466186668869  0.61905088560897803  0.62748257219018488
  0.63576673085873348  0.64395847771185000  0.65204506550885744  0.66011559824814947
  0.66863147468921080  0.67717538037307357  0.68595118087092466  0.69486216443857607
  0.70410262854431249  0.71360722524670805  0.72345497609427412  0.73340059257979395
  0.74402851902150868  0.75509203337423625  0.76689206506890439  0.77956478365854143
  0.79292061400087988  0.80701032586112231  0.82228720494413288  0.83893204193124959
  0.85860965447962934  0.88380333804524791  0.91933164216212671  1.00000000000000000
 -0.02123931386954942  0.12580216681272050  0.16525464267413462  0.18825483687257177
  0.20572692857076971  0.22049354818292091  0.23332137131411548  0.24499137818659711
  0.25548985483613285  0.26541967503184161  0.27462762951860920  0.28317985800701739
  0.29142216671580329  0.29899687625597315  0.30638851132658773  0.31373170196611094
  0.32087263528546961  0.32785849592760025  0.33458300486414128  0.34116195021829038
  0.34759694907755123  0.35392893579575024  0.36005842699229279  0.36607524216823928
  0.37199602583741476  0.37786114122906145  0.38361767729831342  0.38940874346033133
  0.39514526399161870  0.40076855653123167  0.40625711315833785  0.41167058272344559
  0.41702824555798501  0.42228945726866185  0.42744744892483616  0.43253680745053241
  0.43757859308296454  0.44255719628168627  0.44754973938541243  0.45255157527619100
  0.45755635092901253  0.46260676670059053  0.46771907073365454  0.47284279708208837
  0.47797933481001204  0.48315336650412438  0.48831621717515050  0.49341664124270324
  0.49850778573167692  0.50364629268450700  0.50879919669301121  0.51399362078649258
  0.51912442907498779  0.52429988871629096  0.52958996960483784  0.53488261425253214
  0.54023515531517596  0.54552747533460288  0.55084235468159592  0.55621697970961159
  0.56163703756991845  0.56714590854592573  0.57270605046703948  0.57819284854758490
  0.58365837982819324  0.58914591177801567  0.59473484623566542  0.60043385868911214
  0.60617808851508337  0.61203039174607576  0.61793472441448172  0.62390433513537613
  0.62994647002299664  0.63609316378666447  0.64237020135828549  0.64879171521152168
  0.65541116515944919  0.66214888869959765  0.66897337087263753  0.67593138255992646
  0.68289363971410111  0.69011349277631384  0.69798146408005157  0.70595069043815339
  0.71478167773891277  0.72414344045223522  0.73400011399851506  0.74432842539033695
  0.75526102907180270  0.76714090887807262  0.78020204106800628  0.79534560644133567
  0.81375342032462994  0.83680763013652182  0.87528635097485508  1.00000000000000000
   1.7874957615063357E-004  -1.0000000000000000     
 F F F F F F F F F F F F F F F F
  <DiscreteSampler_grid>
  grouped_processes
  1 # 1 for a reference and 2 for a running grid.
  10 # Attribute 'min_bin_probing_points' of the grid.
  1 # Attribute 'grid_mode' of the grid. 1=='default',2=='initialization'
  0.0000000000000000 # Attribute 'small_contrib_threshold' of the grid.
  0.5000000000000000 # Attribute 'damping_power' of the grid.
 # binID   n_entries weight   weight_sqr   abs_weight
    10   10   1.892218671795462E+007   6.847905517982129E+014   1.892218671795462E+007
  </DiscreteSampler_grid>
