  0.00792177949315706  0.01795105105881376  0.03013271560353880  0.04186809884585670
  0.05292954666408661  0.06371154364102381  0.07435262790039220  0.08497508979257379
  0.09546878024712271  0.10590554582418783  0.11643654499435400  0.12709320068168523
  0.13775180708653706  0.14834737767152523  0.15892408653606419  0.16932350694195805
  0.17966041588810905  0.19008466015632247  0.20076102491474665  0.21141468990809362
  0.22198180455560845  0.23237092190934033  0.24267533113443582  0.25304350664784697
  0.26355142310350643  0.27424475103007734  0.28510063848427059  0.29605469227127679
  0.30697365282777928  0.31761127283427987  0.32812796981868614  0.33878266798570866
  0.34973917251306968  0.36046700638376639  0.37080224494451008  0.38102297631237025
  0.39141997370276976  0.40181838155953448  0.41239486603160413  0.42276976227114821
  0.43327501343351743  0.44352648606740031  0.45398343565439564  0.46404738387080552
  0.47392300767009088  0.48370999597048148  0.49349268313204731  0.50334941996861293
  0.51322428727748837  0.52308254288481271  0.53316820944658527  0.54342420904748445
  0.55366197831937958  0.56363916062486452  0.57333288821328121  0.58320755787759249
  0.59325914882874997  0.60328553947800934  0.61327354480072682  0.62345878956674494
  0.63409286361259753  0.64492106212961842  0.65582816403694344  0.66684390200931232
  0.67787200573847806  0.68878753468758602  0.69953771634372641  0.71044709639646386
  0.72149987824636741  0.73255409277025874  0.74371213967369310  0.75475140874950075
  0.76606161460175515  0.77713346501941372  0.78779574877579239  0.79789877469524406
  0.80776865991492453  0.81765074630908419  0.82752276269748160  0.83750178718587265
  0.84801625895579591  0.85845697228812146  0.86936505048389934  0.87990461883284254
  0.89051664750699711  0.90117381921907869  0.91184070889885949  0.92234105679272294
  0.93264735746854988  0.94332361780065899  0.95388995012773670  0.96407309731595947
  0.97335387011074370  0.98256010881069533  0.99129806808625043  1.00000000000000000
  0.00751002462581129  0.02032147071255235  0.03451599741722337  0.04728535822759588
  0.05888031721406531  0.07049600489374107  0.08208850961211343  0.09331288029267623
  0.10431884866847310  0.11540601781475962  0.12661741256902048  0.13766735516087539
  0.14865252447637198  0.15916544834217020  0.16954823003619657  0.17930516649565367
  0.18925910629331247  0.19915730745766846  0.20919846454546417  0.21942571546873024
  0.22959937068038494  0.24006794658539996  0.25056487517043607  0.26073863058846136
  0.27070868901901141  0.28064867759970796  0.29131718460057593  0.30202795341034783
  0.31306713527214952  0.32376245756612870  0.33434331940346279  0.34419246679753307
  0.35397425384521508  0.36407617062855174  0.37443613196089282  0.38467073677552127
  0.39488089260933418  0.40534390037121271  0.41589085961788280  0.42607989322542233
  0.43630946446505486  0.44682548376599995  0.45716665466382161  0.46718731977075312
  0.47707830677658836  0.48715701635668129  0.49742034138437324  0.50798944577969329
  0.51884590805963537  0.52974270730946249  0.54055094385806901  0.55095832108827691
  0.56107459579629637  0.57106015022007262  0.58111553645182046  0.59150789082306432
  0.60194472178260605  0.61271231782305680  0.62384069693830324  0.63467323734574044
  0.64541444044515350  0.65546782661477965  0.66550139022106569  0.67507494905644938
  0.68451946812582765  0.69419170748488745  0.70384529585092104  0.71351284803203119
  0.72343937434290750  0.73366314687790457  0.74425390546273151  0.75456579730722384
  0.76467606567841018  0.77474812785892611  0.78489970372558016  0.79514089123867049
  0.80534214976264351  0.81570604863439344  0.82646859698779596  0.83698818737924108
  0.84718586045962829  0.85751585940890052  0.86775717315758139  0.87785746504811457
  0.88752987615534529  0.89730855180689673  0.90734662274736333  0.91766078491348380
  0.92825238895851181  0.93882878425601213  0.94918894317673108  0.95924174726589095
  0.96933758650300883  0.97945668476379089  0.98972199711097775  1.00000000000000000
  0.00000580470314281  0.00002147155106881  0.00004210152440705  0.00005904815041671
  0.00007445276469567  0.00008922079991268  0.00010330349533168  0.00011720298149290
  0.00013105449951011  0.00014459621253906  0.00015718749121443  0.00017032405133736
  0.00018366341531802  0.00019733620187670  0.00021115388472686  0.00022510111238729
  0.00023919808259075  0.00025337915969512  0.00026780411975219  0.00028245393967071
  0.00029781724298364  0.00031379604748870  0.00033007184067779  0.00034694079383571
  0.00036409181897604  0.00038134803773507  0.00039888371122693  0.00041652530656074
  0.00043456460923709  0.00045302370007352  0.00047203137600352  0.00049175096389638
  0.00051400019554465  0.00053659674379839  0.00056083012498727  0.00058594638681272
  0.00061164931818842  0.00063809717762953  0.00066482182225181  0.00069180994452145
  0.00071898244969484  0.00074664089613693  0.00077587169579299  0.00080640977386386
  0.00083869943620159  0.00087218145476282  0.00090698636609868  0.00094310528726025
  0.00098063361474553  0.00102017773409057  0.00106153599750508  0.00110429210529575
  0.00114780453685822  0.00119177581547877  0.00123842168467475  0.00128794507771626
  0.00134196059618640  0.00139782853782568  0.00145640736874294  0.00151615556062456
  0.00157959720915703  0.00164694526554075  0.00171784266667337  0.00179314488473514
  0.00187014602925519  0.00195381685618994  0.00204090143141572  0.00213454971748933
  0.00223758069774501  0.00234721731785269  0.00246981241899422  0.00260283376637453
  0.00274673337502063  0.00289942199167320  0.00305809618432088  0.00322758572878021
  0.00341536064694065  0.00361179790233995  0.00382578551089069  0.00406817126945067
  0.00433568014289728  0.00465572049786672  0.00503016938053771  0.00543035621129651
  0.00584267215838117  0.00629190585788474  0.00682860830727618  0.00756440890199695
  0.00857416972714754  0.00966183137259564  0.01091761472513568  0.01278008582554133
  0.01775992229100479  0.02605895676510858  0.11451656208999733  1.00000000000000000
 -0.00194612053843341  0.01006314304304105  0.02065738679701038  0.03140907380198539
  0.04223697278078813  0.05270799028850794  0.06326899405459575  0.07393182808613520
  0.08452904717143736  0.09515056212002948  0.10548150876598297  0.11540296772981432
  0.12559950914527321  0.13533311433749859  0.14507188545613200  0.15450308714402605
  0.16385406315535336  0.17354887391020005  0.18361422134495950  0.19426304775937683
  0.20559102566387602  0.21660182006872133  0.22755322134833844  0.23848562198819703
  0.24945532146930224  0.26089663801675317  0.27205700705252361  0.28306522050663174
  0.29397394227057949  0.30518554946199905  0.31633115912191673  0.32755256865897819
  0.33854617985789337  0.34953204372619173  0.36027593302056560  0.37110720933593733
  0.38204853848226444  0.39279317906213573  0.40344259690258472  0.41389129493679577
  0.42485745011912801  0.43608620134053633  0.44727228525496171  0.45826711572061757
  0.46938648842177860  0.48041656411277273  0.49139255074279670  0.50219881814522827
  0.51297353034439852  0.52340662973239049  0.53338629469091170  0.54310622112136819
  0.55272458396769042  0.56249930466836273  0.57239952137043137  0.58255076809459450
  0.59323236692028669  0.60400662683247708  0.61481015033648756  0.62569374654627974
  0.63662740698673970  0.64759894420274489  0.65828843764856249  0.66888790160428324
  0.67929577574601263  0.68982309252842522  0.70035695139072485  0.71074242275452892
  0.72091584779383122  0.73135766509413802  0.74167630296010356  0.75209185090167507
  0.76245840006558696  0.77308102683824897  0.78343840250563235  0.79388071476123379
  0.80450533225612497  0.81487704433367836  0.82486615758895132  0.83497021707501040
  0.84553766720408718  0.85617605170778366  0.86624610843719585  0.87633401624882823
  0.88655913066909575  0.89691892924476313  0.90729859304945926  0.91744810987193093
  0.92711088088665217  0.93675923104269365  0.94690057190267130  0.95735672762249346
  0.96751496314330565  0.97776102162905931  0.98880375996431269  1.00000000000000000
 -0.00235187558393111  0.00968147673796579  0.01995826425426033  0.03067919606473721
  0.04122370384632877  0.05174076990158133  0.06205097554472080  0.07268528619787071
  0.08353250266503116  0.09444629518777943  0.10521361767635096  0.11577184828081397
  0.12609797576977616  0.13639198626387586  0.14649339173715539  0.15661027886297008
  0.16669066731194329  0.17695733460636959  0.18742073384623145  0.19811222669559705
  0.20895477271829335  0.21988481656020309  0.23057845639497765  0.24096276663086788
  0.25142714069966188  0.26201254746047387  0.27259405086885280  0.28286022608820016
  0.29324506042503845  0.30375102675002064  0.31422854734158129  0.32448014320712798
  0.33477435292746166  0.34504012332641093  0.35522233877562753  0.36529567430591359
  0.37525437941619638  0.38561083255771766  0.39594876384950706  0.40664468367073953
  0.41707393523516706  0.42728338261769655  0.43771303701099495  0.44810467222542039
  0.45846740199505531  0.46856814176400891  0.47896103250616578  0.48985250054305318
  0.50080864351118504  0.51163837833088266  0.52253519340560628  0.53383203669580670
  0.54523103633208081  0.55693607074248119  0.56791687522659506  0.57883032490644304
  0.58961392248045286  0.60047602592634819  0.61058333563421652  0.62027245771382533
  0.63050157916332228  0.64119025274085184  0.65231400005334639  0.66336680338540865
  0.67419453208891778  0.68491171693366060  0.69540552070835415  0.70584741764737213
  0.71606801203565151  0.72635306183621740  0.73684063981678005  0.74722938739749545
  0.75762224604344552  0.76795362430681824  0.77903421103484771  0.79024247122855840
  0.80141404207637745  0.81220625431803628  0.82271098637401130  0.83311711388845955
  0.84348840926212565  0.85388321835025682  0.86466463698434537  0.87569767665850451
  0.88675732080145964  0.89753985405977166  0.90800530139616575  0.91803501904088514
  0.92787919178719325  0.93796742060246541  0.94808622115097951  0.95871862661320806
  0.96918305620498946  0.97980859394387687  0.98988562622729404  1.00000000000000000
 -0.00229770178655390  0.00884486828230643  0.01834369366270181  0.02861344567794749
  0.03899000190871169  0.04945324925936068  0.06002636130318591  0.07027822886120574
  0.08046874398481872  0.09054035985345334  0.10053659737447961  0.11074810516953529
  0.12116325063303904  0.13183821777376944  0.14292525124025990  0.15403901825152946
  0.16532396538679855  0.17644370547418187  0.18731712576689802  0.19772170335017150
  0.20800894039336482  0.21857901361216284  0.22904518329648951  0.23933160291521571
  0.24972715859352720  0.26020538322531639  0.27077606132686960  0.28112277496993088
  0.29136349619683927  0.30147013637707065  0.31146194642804792  0.32135736712038360
  0.33115967759180204  0.34120919134091243  0.35155510408118057  0.36212555312005945
  0.37281893594399601  0.38387436566654576  0.39524313501007946  0.40692160193741700
  0.41825995312371372  0.42896109882052130  0.43941334744382360  0.44993632241247722
  0.46061051085866850  0.47122428080347162  0.48172543228323500  0.49219429243334928
  0.50272023319928150  0.51322159999225681  0.52336561897415201  0.53336180939975097
  0.54353485338384933  0.55397625453217425  0.56410317056739478  0.57423576965117140
  0.58463127853892172  0.59582520887068935  0.60723222300251356  0.61863100464129483
  0.62987500588621625  0.64074221775660445  0.65124435286914573  0.66152778983960137
  0.67201584174130713  0.68257528004838297  0.69336260647994052  0.70411456378720094
  0.71493863390253853  0.72586288147776501  0.73687100482337731  0.74782306422200406
  0.75881373244899586  0.77003055433014267  0.78109768679644775  0.79204848754236923
  0.80254686852617874  0.81302970249687145  0.82309504967160807  0.83307721764550990
  0.84268238262641659  0.85218166189151678  0.86182949030837563  0.87165424906200550
  0.88152153261184973  0.89129952751777730  0.90150467560443492  0.91186036183849961
  0.92227643713506402  0.93290834882698970  0.94363783278158930  0.95455582322493604
  0.96575329782347896  0.97706472661653176  0.98859921557737651  1.00000000000000000
 -0.00255841745199542  0.01001764068271540  0.02044639449088092  0.03097487694367296
  0.04165615846062388  0.05267654433013546  0.06334532662012143  0.07377623339532867
  0.08410614505829972  0.09499711163645179  0.10605209610785739  0.11650526967883984
  0.12677830926905551  0.13721279346879853  0.14786272762256614  0.15860052950926987
  0.16908131059007681  0.17971100417940084  0.19041684297607095  0.20129052785634272
  0.21208908229551671  0.22295341788279799  0.23349702251349069  0.24379409508549107
  0.25405829776817745  0.26422886036539683  0.27440747425102147  0.28451333288329422
  0.29466771406280856  0.30509778936737791  0.31609116840655888  0.32749690313923696
  0.33904407589768903  0.35042328522474203  0.36159939815809444  0.37247391771456639
  0.38283740107902653  0.39298983622492767  0.40292001240679676  0.41298496763815840
  0.42306323357680031  0.43334326603545736  0.44382780533835936  0.45437725156418873
  0.46487039351355280  0.47506203223506993  0.48562207014426978  0.49651253617393559
  0.50760216791077695  0.51851333457435467  0.52995450652695231  0.54147309290455414
  0.55193127227819005  0.56233906337187867  0.57249315043979887  0.58265842672805945
  0.59286168983069287  0.60325858065601712  0.61381486413524389  0.62421096896840733
  0.63460177291167286  0.64497403158523814  0.65526544127227104  0.66506058468174500
  0.67605889313693901  0.68702129102697784  0.69799167660463690  0.70884275538224839
  0.71973235261416968  0.73077549969849698  0.74154435251672091  0.75227517640602759
  0.76284414062494876  0.77312311943674383  0.78325720403945354  0.79354621179949403
  0.80396032899637360  0.81442646970961874  0.82477146178425531  0.83507208700328306
  0.84551256173699840  0.85598202189104089  0.86634168508811416  0.87642457532808482
  0.88655641880625413  0.89658637137326891  0.90714395715638485  0.91752891844773055
  0.92773157438708465  0.93828746158603005  0.94881587978448478  0.95939257585864524
  0.96945898799732289  0.97945114586832260  0.98970688522334049  1.00000000000000000
 -0.00171490041921305  0.00938113132004229  0.01911058908927298  0.02932092805858804
  0.03953797500263540  0.05009201323501701  0.06063261285416351  0.07050523661545477
  0.08030598200776909  0.09019434172195180  0.10028956354961077  0.11038337319476718
  0.12038363466559822  0.13051309170632922  0.14076349268956120  0.15106282597682177
  0.16156849297665160  0.17200291167702453  0.18234271390511983  0.19260079473087505
  0.20290575969348562  0.21338994688501206  0.22424805198627043  0.23526892115381834
  0.24662596841261961  0.25805868758426381  0.26921253251626304  0.27975823414113310
  0.29019248607788745  0.30075271322461650  0.31151749300965137  0.32229291104507707
  0.33301506717989138  0.34363613557938877  0.35404899504573434  0.36431197726615216
  0.37454227260435663  0.38492467353886389  0.39564422201068594  0.40633687738341606
  0.41699190906891892  0.42757011558333602  0.43828216534858633  0.44905364919162349
  0.45993399541921920  0.47092590030473747  0.48198938148840548  0.49283980355111273
  0.50325068041680787  0.51331384305217231  0.52334613520766593  0.53349150387911448
  0.54391755787651030  0.55443115690982192  0.56520330648089068  0.57585791330365710
  0.58662277020098108  0.59738106870554986  0.60859397286253314  0.62004700785158706
  0.63136315061390380  0.64238317726787997  0.65315908030325764  0.66385268635237016
  0.67461890521297563  0.68560218951719509  0.69692471238513354  0.70827112058477115
  0.71927871712366998  0.72999130625173803  0.74031137707261330  0.75059998333553513
  0.76090394396739458  0.77129306563852618  0.78171980716089973  0.79181458401528937
  0.80197140701247405  0.81224316451776934  0.82292512019480279  0.83376233078067419
  0.84439528208453196  0.85512163690251186  0.86565718404764336  0.87651924656779667
  0.88680871323789912  0.89696681310595361  0.90732409260084623  0.91774650198415353
  0.92780693750060128  0.93810841489650076  0.94863315919932278  0.95944036999852433
  0.96955215050767918  0.97957800319753452  0.98977423249723040  1.00000000000000000
 -0.00739080767391506  0.12133497310605833  0.14614042038738279  0.16254962450878108
  0.17640749844021594  0.18896955851654140  0.20062007193969328  0.21184090639723344
  0.22246483005034146  0.23259287167866829  0.24237860587185281  0.25200103185557038
  0.26140469615153011  0.27055663429356358  0.27946284609808641  0.28823841596723615
  0.29673479429221361  0.30493348180805219  0.31298938358363954  0.32095031088945131
  0.32896237927490568  0.33706787982273378  0.34491306149833489  0.35246526073373280
  0.35973685061396277  0.36696739800204253  0.37430009963474653  0.38166987052252443
  0.38901937842121803  0.39608720110811119  0.40303365804561847  0.41001495705518004
  0.41704661105478441  0.42398471720191810  0.43079868233617463  0.43752317544232427
  0.44412322254782177  0.45062626649501641  0.45704453489137126  0.46343763681857147
  0.46988271287724320  0.47635939944211786  0.48298794140855950  0.48985700421122635
  0.49681762970802812  0.50351934136557230  0.51017844409643232  0.51678970526971324
  0.52331771797575133  0.52973137860575625  0.53621099580660503  0.54269899741328631
  0.54911415779771899  0.55557551231225288  0.56206089903486400  0.56859464620573696
  0.57509831857391891  0.58162354703135810  0.58833084168643046  0.59519410321481547
  0.60214836404584593  0.60924838343886278  0.61641914143344867  0.62351825792021220
  0.63069128420681664  0.63792909200521131  0.64524809285818319  0.65256794141490082
  0.65988428151612644  0.66723416227015608  0.67461661223993585  0.68209877996569890
  0.68968584570532665  0.69735637450225518  0.70506508533496304  0.71285639742833651
  0.72078097874409186  0.72891365505815220  0.73745367365341941  0.74632923161764997
  0.75557841637619627  0.76501146869226111  0.77455763871400662  0.78433091202956962
  0.79421386787535908  0.80417834154322587  0.81464793961210202  0.82578956277679527
  0.83748408707933475  0.84984136114787900  0.86342535229499739  0.87805334017741221
  0.89439611871027880  0.91450150953846299  0.94223602815390084  1.00000000000000000
 -0.02010768914057071  0.11753578336375868  0.15392883256951928  0.17662176269288740
  0.19448596237238314  0.20974940005638884  0.22307278087448490  0.23502437793894304
  0.24636132599634109  0.25686488834691656  0.26678160603507783  0.27590077956448350
  0.28462029822631207  0.29287423258803702  0.30084802981081693  0.30861049364033649
  0.31626588429558983  0.32377864330454470  0.33121582343724426  0.33827423568682302
  0.34517065366862809  0.35189612223265643  0.35841321987895863  0.36478440680130553
  0.37103788814099603  0.37723523186656954  0.38336622101767703  0.38941786373036830
  0.39542418703988852  0.40125636109990304  0.40700913259030036  0.41286835611966710
  0.41864955018882977  0.42439860279751324  0.43005163821638531  0.43560908792667491
  0.44103135739451077  0.44640782468002443  0.45171371821320638  0.45699477498401408
  0.46227936237143491  0.46758269525212831  0.47292926480065545  0.47824478921521707
  0.48346565523627272  0.48861863813806189  0.49380165675513515  0.49896189002044655
  0.50418157653093221  0.50939076581275355  0.51460387690230824  0.51983829295894102
  0.52506864520188778  0.53033456587909078  0.53563141581631990  0.54102550530169491
  0.54650909123132030  0.55197137391988527  0.55744847253718355  0.56294773319730551
  0.56857384461805371  0.57418516043670065  0.57974460868364930  0.58530511413477160
  0.59091843636854002  0.59666648131621358  0.60253101710998658  0.60852023733445115
  0.61454732622474595  0.62054736801634058  0.62653552480365549  0.63257611745808162
  0.63873702938690025  0.64503444976738644  0.65151979022980033  0.65804475488000758
  0.66465343900052953  0.67150680982280297  0.67856808053098661  0.68576038047248000
  0.69313597916071701  0.70064570535626991  0.70836379406139560  0.71640435042714290
  0.72475496350354496  0.73370191228453341  0.74335298428369045  0.75360736952439977
  0.76480985777104293  0.77682927817228065  0.79013871929906743  0.80506025267819625
  0.82257620398493170  0.84517674488071659  0.88245961206343371  1.00000000000000000
   4.6915728422785332E-004  -1.0000000000000000     
 F F F F F F F F F F F F F F F F
  <DiscreteSampler_grid>
  grouped_processes
  1 # 1 for a reference and 2 for a running grid.
  10 # Attribute 'min_bin_probing_points' of the grid.
  1 # Attribute 'grid_mode' of the grid. 1=='default',2=='initialization'
  0.0000000000000000 # Attribute 'small_contrib_threshold' of the grid.
  0.5000000000000000 # Attribute 'damping_power' of the grid.
 # binID   n_entries weight   weight_sqr   abs_weight
    10   10   1.483432069621144E+007   1.447136944261970E+015   1.483432069621144E+007
    16   10   1.483432069621144E+007   1.447136944261970E+015   1.483432069621144E+007
  </DiscreteSampler_grid>
