  0.00869137342002997  0.01713537331973992  0.02827590152924667  0.03960958975385653
  0.05038988844882925  0.06095673925720031  0.07153237117724634  0.08218779810758770
  0.09299556653698660  0.10410021102031600  0.11521364195233515  0.12594123354174253
  0.13649281941656141  0.14690819984232575  0.15745799096438118  0.16810475977710113
  0.17879250684105596  0.18959754152675606  0.20011664733743553  0.21031334257611589
  0.22011433383516241  0.23012484898573726  0.24021403202209915  0.25033118959083345
  0.26046066955595804  0.27073111537478156  0.28136343315901563  0.29197782088476548
  0.30237947118470676  0.31253050413214950  0.32266785124867664  0.33271781973292841
  0.34284661885758377  0.35293851990064484  0.36316406877425977  0.37331782191497198
  0.38350886486446423  0.39339526565824839  0.40315685412430324  0.41277265874407926
  0.42272688294940824  0.43298503585333070  0.44346093405677595  0.45389448176519309
  0.46404035888712897  0.47437523117148672  0.48485716192171352  0.49542583278861529
  0.50584869333347526  0.51561366722668112  0.52555626828040369  0.53534504915719561
  0.54543624408006031  0.55570911128768208  0.56565608789139332  0.57608948799945614
  0.58644300554948137  0.59704478444308440  0.60762886113814096  0.61807118957691476
  0.62834600361240389  0.63839541255190058  0.64838432290269910  0.65830752151690564
  0.66852062899088349  0.67928622318150467  0.69002683920525987  0.70035321504327952
  0.71046931980099881  0.72109136161822573  0.73194362895859599  0.74283732820996073
  0.75395615412319772  0.76473899703622739  0.77525347749951889  0.78589029628824447
  0.79678529802196585  0.80804399417533856  0.81938155066005480  0.83103931766792949
  0.84250602763264526  0.85389559277809723  0.86509363110711279  0.87625649704839204
  0.88702860868040789  0.89751488988788808  0.90821258225584023  0.91888082195597975
  0.92933407892136466  0.93977337879516265  0.95065296387167053  0.96143505862756051
  0.97156966515333210  0.98143011924104673  0.99162646611624050  1.00000000000000000
  0.00004403682857294  0.00009182264779285  0.00012919013798954  0.00016471512146563
  0.00020027658631851  0.00023590865615901  0.00027132693846943  0.00030627726182272
  0.00034100412781567  0.00037444252861188  0.00040824121245891  0.00044266885946444
  0.00047720487255139  0.00051095913055994  0.00054465726989877  0.00057833609119292
  0.00061271676433742  0.00064771593938997  0.00068290238802613  0.00071847299589864
  0.00075504872224357  0.00079229266005994  0.00083071865845832  0.00086954275378243
  0.00090895994509499  0.00094895767046515  0.00099004120413190  0.00103235534423735
  0.00107537634315743  0.00111867204448167  0.00116234715420155  0.00120691514420025
  0.00125377470723682  0.00130344535098519  0.00135506357710795  0.00140891812953747
  0.00146432297998526  0.00152109946372856  0.00157942696837077  0.00163919588834244
  0.00169990441183558  0.00176349160939796  0.00182750444146815  0.00189376092829102
  0.00196080698766621  0.00203104824781446  0.00210324374335783  0.00217891957025021
  0.00225713434146276  0.00233664963201877  0.00242170957753750  0.00250717969789400
  0.00260300367844609  0.00270027208032463  0.00280211877292777  0.00290799403341503
  0.00301866739577631  0.00313468000023877  0.00325559873186028  0.00337984966124241
  0.00350893517359276  0.00364007862631430  0.00377725043029901  0.00391990386895058
  0.00407726864543870  0.00424353720049008  0.00441842218342729  0.00459846926632010
  0.00479696385531491  0.00500824753837810  0.00523234873337455  0.00546299812024300
  0.00570034903635394  0.00595219817847233  0.00621333509017490  0.00650207922276080
  0.00682024251804981  0.00717853666308590  0.00756486541671690  0.00798377348919705
  0.00845476337653219  0.00896810636373536  0.00953130290877051  0.01016921573038162
  0.01092821804355274  0.01180843633403080  0.01276113487574103  0.01380848276274064
  0.01500633347163413  0.01647710273861886  0.01837285595155082  0.02062731071586380
  0.02415162639541832  0.02892564349378554  0.38453612913343405  1.00000000000000000
 -0.00224834588625783  0.00934567068886109  0.01925381148059331  0.02942001070650088
  0.03984293826388623  0.05053584903232341  0.06141699589596459  0.07211473054460314
  0.08279392188246568  0.09369071703263164  0.10432804889540431  0.11525090997931398
  0.12592675183078858  0.13654910616187566  0.14713175023341521  0.15754168427437906
  0.16808628504813117  0.17817454106860750  0.18813994687827484  0.19821990841323431
  0.20820009076090235  0.21825378558034431  0.22845171766114974  0.23885897300983891
  0.24925060306399971  0.25945120497576057  0.26987532444637458  0.28035050108255211
  0.29055430380698288  0.30084513713939132  0.31112314228200966  0.32172319169214370
  0.33195792437329491  0.34286312124297780  0.35372032623031696  0.36458507950528235
  0.37548180387161073  0.38681904095703695  0.39785870754130093  0.40841800324038308
  0.41898087032770270  0.42975708713860511  0.44085901613417239  0.45245869335363059
  0.46406083565347755  0.47506360335492742  0.48535982932318383  0.49541827513260078
  0.50547201406586695  0.51570407706440180  0.52627697760843928  0.53727124681843752
  0.54887910944668428  0.56064896660143881  0.57215556977145698  0.58321935556334936
  0.59397771437296720  0.60443526135267778  0.61449132447959998  0.62458609113574814
  0.63500734746449028  0.64553883250470068  0.65594635431825588  0.66601946073749330
  0.67651095697178365  0.68717402869494726  0.69793219065441170  0.70855368771638694
  0.71890715177545006  0.72924206048491858  0.73969565384411573  0.75031811037459861
  0.76073106453642203  0.77083314214537546  0.78079982803041448  0.79087792610588126
  0.80118744623410065  0.81171961653798097  0.82249943566669959  0.83311002380257571
  0.84375965867614899  0.85441498841131314  0.86515811644419083  0.87566221535875799
  0.88577878363294138  0.89573749941627290  0.90558823463812066  0.91553334103994621
  0.92547194460311943  0.93532318541579329  0.94558171050108231  0.95568933074141726
  0.96638892187928649  0.97713427521962970  0.98847630430162203  1.00000000000000000
 -0.00209873078098833  0.00903322875093169  0.01891033585736937  0.03002054775211163
  0.04143072787718951  0.05311334767674888  0.06458425857653143  0.07511655461520166
  0.08580601040918655  0.09610327316954251  0.10633415869890396  0.11639766901209633
  0.12661676299131730  0.13724858977463172  0.14762967721426484  0.15771945528093470
  0.16784695650180834  0.17752379783380690  0.18690447210388295  0.19643782744715838
  0.20580169572811247  0.21597758487324417  0.22613445821378905  0.23756598573534030
  0.24887113749150838  0.25994362255575243  0.27064577717471167  0.28124616187461199
  0.29214525351828302  0.30322293750730284  0.31452302362283086  0.32525882023519181
  0.33584486001308589  0.34617069717993881  0.35649628096064018  0.36718787681417475
  0.37776530084062704  0.38877016012089977  0.39950632807901443  0.40997859250008756
  0.42024476215058343  0.43037691223131791  0.44095752995051524  0.45224022951614007
  0.46392782269478339  0.47556422713227448  0.48647821151804072  0.49695404807696542
  0.50691314447120706  0.51754069706292904  0.52831400447198773  0.53862274807339150
  0.54921120240711407  0.55985116778152078  0.57067081804055120  0.58138499680866684
  0.59196476382200403  0.60246409978957960  0.61259099455715138  0.62277653488356055
  0.63327910389354136  0.64350583580511633  0.65410774160462537  0.66422160868370250
  0.67477148773725004  0.68537667612584641  0.69618057845387682  0.70652287695159155
  0.71677781042374222  0.72688887231260768  0.73748079444125081  0.74826464996215836
  0.75947661843630576  0.77033819773985335  0.78128395093648406  0.79222361415020959
  0.80325243145845893  0.81404440318606197  0.82428852694747967  0.83448581001495270
  0.84438256869157780  0.85430287012160855  0.86436535781691093  0.87484887011137902
  0.88519354779712289  0.89547923776250127  0.90590718091616818  0.91673811977964004
  0.92712432838089287  0.93758576187499942  0.94794039123663754  0.95848032081932555
  0.96869703189323964  0.97886946724221657  0.98933504854902043  1.00000000000000000
 -0.00233013543270129  0.00983013095317807  0.02030570155737735  0.03057490553747154
  0.04087639162378773  0.05126644152969868  0.06147671551073190  0.07140813589576367
  0.08150272571293508  0.09219583336560787  0.10321643340364696  0.11411073712347476
  0.12488992939482133  0.13587236931871932  0.14678106589320217  0.15754507600219320
  0.16815450747225497  0.17860766282601476  0.18917531864541320  0.19961997276453908
  0.21012893243853414  0.22049989901378220  0.23071664393655478  0.24068962307830843
  0.25076624271490883  0.26143678165501211  0.27204740874593247  0.28239368327593878
  0.29271752114086019  0.30346851188435714  0.31412524280299353  0.32430059780620080
  0.33446487763102645  0.34508662315811089  0.35563804152092299  0.36610428050288613
  0.37646895358405713  0.38685228262471216  0.39696384690948411  0.40750414502256060
  0.41830244503287994  0.42925101173638402  0.43992901587892624  0.45049223336415828
  0.46115049330752544  0.47185530692239608  0.48254008925914249  0.49314379043589157
  0.50392847455822820  0.51458855784827473  0.52507029088758106  0.53520156707374378
  0.54538111835949321  0.55535713340293591  0.56557876623978653  0.57582688657983661
  0.58621437153596934  0.59664645876290423  0.60732516151398008  0.61863843851228661
  0.62997436509177562  0.64137772103773716  0.65271201547379309  0.66385051829954789
  0.67484089060438102  0.68573665507305381  0.69600463181091632  0.70587094254151672
  0.71620861330621233  0.72669908428588037  0.73728955861558043  0.74803347230771522
  0.75931098014619680  0.77080758942026772  0.78138616321492882  0.79204588860603609
  0.80226842946916044  0.81236615537908086  0.82226253213536626  0.83227875607453905
  0.84242383602451221  0.85244467404466628  0.86280859472396121  0.87321673595416116
  0.88370590864356213  0.89434210237660117  0.90521620423364768  0.91614086911020642
  0.92686162117980275  0.93783778708024568  0.94844688764794327  0.95880547042176700
  0.96895843804683934  0.97923517029958851  0.98957463815002555  1.00000000000000000
 -0.00012716335040999  0.05692620419841245  0.07861669134574903  0.09385874272245033
  0.10689243709564855  0.11866322499907507  0.12956573608874811  0.13981935060097236
  0.14967048906332472  0.15923633905784781  0.16867344165813308  0.17796166841604283
  0.18706097573107425  0.19601378985659451  0.20476285713418535  0.21324727390153564
  0.22165800789823445  0.22989332410253099  0.23789290988742820  0.24575212269858721
  0.25360258254876816  0.26149964772508327  0.26953805313362894  0.27745072185769309
  0.28512154232462744  0.29249376613199624  0.29964809792415620  0.30681211544317438
  0.31397420846411389  0.32109965846011029  0.32825368789408538  0.33546665167309264
  0.34269117446541736  0.34982235377463061  0.35683896207612892  0.36387804022110043
  0.37103024542987006  0.37821378045915982  0.38525066753923970  0.39215862068269708
  0.39910062134829150  0.40621218879779403  0.41342467663150845  0.42051510077562709
  0.42747745709811091  0.43442925529261228  0.44134548360082965  0.44829591404964320
  0.45533182536848166  0.46229009466333493  0.46920467325004245  0.47606205013425407
  0.48289788959668117  0.48969891858707171  0.49646185920280900  0.50305137996085247
  0.50972763174887781  0.51655319288241719  0.52381475303123481  0.53111618595130605
  0.53840323983413840  0.54568406543006664  0.55292698900505799  0.56025724175976077
  0.56785021754773357  0.57566200140416135  0.58352157551427675  0.59141671925266437
  0.59940439685253899  0.60753247928729315  0.61571323602039829  0.62380493702868056
  0.63189709710998798  0.64007085287913223  0.64846957217572354  0.65747051136631607
  0.66693794793611738  0.67691104055424867  0.68709749815232957  0.69684376416899818
  0.70676746205158680  0.71659419780400413  0.72637421827961157  0.73621578263482090
  0.74640190986499744  0.75736280712981063  0.76883502954971306  0.78071096949108187
  0.79318747680124613  0.80695998174114758  0.82217125197078345  0.83886635935510412
  0.85732592192415724  0.88040222685846925  0.91662423666647519  1.00000000000000000
 -0.02080201432843427  0.12484730330939740  0.16239302195468980  0.18520722227695149
  0.20328437588958229  0.21875244354582110  0.23236593775380929  0.24422845548533606
  0.25483539188325621  0.26466860052335617  0.27390165163069236  0.28251423081833993
  0.29079564808832087  0.29881529786660721  0.30662507221429142  0.31418460545673127
  0.32127412216186796  0.32819104105154739  0.33481807526148838  0.34126044226626689
  0.34764725133857360  0.35388915477677901  0.35995574467913594  0.36589049391693462
  0.37184538022899971  0.37789171632453905  0.38404565775383581  0.39007611348190557
  0.39590280164649866  0.40148584065390935  0.40688011126437235  0.41218287877343646
  0.41749250590886444  0.42293118094351412  0.42839773025180872  0.43406191246555914
  0.43950353886044657  0.44492220404524752  0.45027342555889582  0.45553213685504401
  0.46079240283853851  0.46614567254521366  0.47159746584598855  0.47705866540372788
  0.48239052294598234  0.48754579913208390  0.49269743606748323  0.49787737126414483
  0.50311843018531610  0.50836547465758419  0.51360407164650645  0.51876853339453743
  0.52379826143608976  0.52873871188070609  0.53368334936684536  0.53865551359933372
  0.54369629369182426  0.54868897095257174  0.55371989225362928  0.55886830153875244
  0.56408522155313068  0.56931907022292194  0.57446368374371848  0.57957289131054501
  0.58490047496280839  0.59050161941404955  0.59623512539487034  0.60205584991968275
  0.60802167833480747  0.61408107256473132  0.62018597736943781  0.62637117610437010
  0.63263559499581745  0.63900236736935256  0.64538621624848247  0.65175919691191397
  0.65808227938885921  0.66459315855952772  0.67136785174691993  0.67841910207383649
  0.68545809686584602  0.69270822563987688  0.70025734660793615  0.70817059176328778
  0.71665166442910910  0.72539589464243504  0.73451416455362684  0.74418260533761538
  0.75463682449499792  0.76654236980879797  0.77973767942796468  0.79474752832768081
  0.81286568943789916  0.83648306926287019  0.87563090510924457  1.00000000000000000
   1.7592990671187113E-004  -1.0000000000000000     
 F F F F F F F F F F F F F F F F
  <DiscreteSampler_grid>
  grouped_processes
  1 # 1 for a reference and 2 for a running grid.
  10 # Attribute 'min_bin_probing_points' of the grid.
  1 # Attribute 'grid_mode' of the grid. 1=='default',2=='initialization'
  0.0000000000000000 # Attribute 'small_contrib_threshold' of the grid.
  0.5000000000000000 # Attribute 'damping_power' of the grid.
 # binID   n_entries weight   weight_sqr   abs_weight
    10   10   9.082268037538695E+007   2.750800085983760E+016   9.082268037538695E+007
  </DiscreteSampler_grid>
