  0.00806026730551446  0.01801752815973549  0.02944777300600757  0.04075398783584785
  0.05138698525513628  0.06160785567252298  0.07159704213556470  0.08162072186526186
  0.09193818374855792  0.10218691210530600  0.11246358214733357  0.12283640219643073
  0.13335884881159948  0.14386377275309548  0.15435916534955768  0.16493484113019033
  0.17550774823260534  0.18603510999168046  0.19657868492063535  0.20712403375338984
  0.21775319321478381  0.22854653304082781  0.23929594434605722  0.24981222030979258
  0.25991090597447142  0.27001579578720014  0.28008338201490718  0.29031664807857527
  0.30049249577826886  0.31078227626263399  0.32133323925841317  0.33211922464474181
  0.34293596359131695  0.35375290900775247  0.36478168364086044  0.37556595575590296
  0.38595975061267329  0.39593715460412371  0.40617631478763122  0.41641792024807467
  0.42692727307098394  0.43774829059456799  0.44857410125102964  0.45929006838553632
  0.46938732902778929  0.47968607822473169  0.48991962163197350  0.50035374173339775
  0.51080286060876701  0.52115552864000492  0.53165523853191321  0.54221229018714401
  0.55285776250461227  0.56332534954314673  0.57376163868683727  0.58414405207744824
  0.59422812330515207  0.60442333277690441  0.61500513984494098  0.62566205911435457
  0.63640759316637019  0.64709451126927819  0.65786829716805539  0.66851468111950829
  0.67905703785997318  0.68970517271937914  0.70029943301532938  0.71080690036689154
  0.72111879377577814  0.73137212155539266  0.74139598524618877  0.75167483410808278
  0.76195816314873421  0.77247832926359894  0.78323051815514677  0.79417387901014425
  0.80497387778111484  0.81567119204746330  0.82621581027916036  0.83661788596153830
  0.84695707545030230  0.85753217890266276  0.86815526328542869  0.87868972326919814
  0.88895744323286019  0.89920234548590916  0.90951142327326906  0.91985686298599900
  0.93034439985687811  0.94080680968411234  0.95137597986091549  0.96192698817766031
  0.97211160643529693  0.98140767022792197  0.99148690055092559  1.00000000000000000
  0.00762281142206380  0.01982869357291198  0.03408332751785639  0.04684402989397748
  0.05830167262367061  0.06923042388534026  0.07982968382757329  0.09013459190404925
  0.10027740816212821  0.11044037568413466  0.12056484710420971  0.13084775236059154
  0.14140102126795015  0.15202308468358286  0.16259096420485486  0.17292344068288210
  0.18303770512260212  0.19331005643637900  0.20344986047647870  0.21359648393548164
  0.22362439509634147  0.23353647175735937  0.24329807452813623  0.25291715633877215
  0.26255731148046746  0.27231488826290695  0.28214048713544099  0.29220204123351629
  0.30255741628166027  0.31296773394476080  0.32339816183110537  0.33363542681609071
  0.34393949179104322  0.35439523373484927  0.36520504899434569  0.37571533208789787
  0.38604425727519454  0.39654079666160169  0.40768570992734104  0.41881780145147179
  0.42967839822336384  0.44036757153480821  0.45036185609877838  0.46049345683533843
  0.47045575194880401  0.48041566054565538  0.49027817452632755  0.50018988842514145
  0.51136626915194694  0.52242731297617584  0.53312404430394966  0.54383600445244196
  0.55455760936488785  0.56529142428809676  0.57582936917542127  0.58650918439186606
  0.59758656153066236  0.60900425184081164  0.62086151461854300  0.63281701944256652
  0.64456037359148144  0.65581534316620393  0.66630621377681953  0.67647952758096941
  0.68658756824187395  0.69684526094242749  0.70707670173894110  0.71715291527667013
  0.72722726309250507  0.73720464677731579  0.74704405028847787  0.75659801231431212
  0.76597608184434041  0.77553684280912394  0.78547374182498897  0.79547795178831571
  0.80532745312856124  0.81511335847416133  0.82496281979674002  0.83482958603071911
  0.84439148616181170  0.85379355402010648  0.86329723143861070  0.87290702893880434
  0.88280200547220389  0.89299301891901217  0.90318527108156810  0.91334811397988669
  0.92333679257090551  0.93320844585436491  0.94279343117340875  0.95220371985373642
  0.96207041041293173  0.97218766860316852  0.98180149215154655  1.00000000000000000
 -0.00273147226379175  0.01058609034575312  0.02127264770098618  0.03219433101548535
  0.04271940859611464  0.05297119071472025  0.06329429508216772  0.07354261641585810
  0.08375141924407575  0.09393491393422358  0.10403252399506106  0.11465343643762464
  0.12516281992786868  0.13584392479294580  0.14661498273837187  0.15704761301366818
  0.16777047226171005  0.17830531360446364  0.18913925718536437  0.19966121144016191
  0.21016619502902067  0.22065858151376797  0.23103583005953646  0.24142856487378664
  0.25197679747611368  0.26277084598045108  0.27398039643602967  0.28493851601179415
  0.29565817421102669  0.30582079491962599  0.31603932477962693  0.32654906492622904
  0.33682165012330267  0.34713362130425540  0.35778492885259383  0.36890049570636169
  0.38006031216833974  0.39092275991571790  0.40181774148355892  0.41265011984203964
  0.42334519349760014  0.43414513969813706  0.44516175377709677  0.45643754158253164
  0.46749914297329676  0.47828493277742395  0.48904988936064114  0.49999707137528365
  0.51101483248924318  0.52170182619842809  0.53236693109569744  0.54310241769662826
  0.55387718038839129  0.56445796562478745  0.57471536316413296  0.58520902491147342
  0.59580790246700177  0.60666129318658157  0.61729605952769995  0.62773801055613376
  0.63793619449091088  0.64820094530385253  0.65848754995195857  0.66853876016610492
  0.67844716462780152  0.68862069328364706  0.69904560586384334  0.70947703892309588
  0.72013712913210737  0.73074923919739410  0.74125520657284860  0.75155005206780390
  0.76176572520805008  0.77202897293225958  0.78221117894578340  0.79216760524997376
  0.80239201915796265  0.81254430463294480  0.82288647541087601  0.83287219702131998
  0.84301277889991422  0.85286185008809134  0.86336735647839002  0.87393150621148219
  0.88489152089104095  0.89552913485845809  0.90603560162251151  0.91654721538738204
  0.92719125657104273  0.93784082215556686  0.94835335177376312  0.95875604485001231
  0.96913311418655856  0.97952160347823747  0.98976819440097419  1.00000000000000000
 -0.00262465969395050  0.01061520780684921  0.02106523782555678  0.03118827483614156
  0.04120015257119719  0.05188160026105591  0.06288007426772088  0.07381475651960749
  0.08452878410815721  0.09492387741959575  0.10518076969933192  0.11523166971595072
  0.12519696333940417  0.13567225034441388  0.14614104434238226  0.15695939950536628
  0.16755407143739820  0.17859406516544166  0.18960366755618108  0.20118064163796631
  0.21236360560814957  0.22302457336693277  0.23364530051319865  0.24398569040242346
  0.25438495404289541  0.26436146888148426  0.27448254131516125  0.28478524328934057
  0.29530430626503856  0.30569892500475643  0.31574837758848839  0.32570289933707530
  0.33583203721829130  0.34606330840361477  0.35633010754621319  0.36695991867428429
  0.37778704252417478  0.38871488080535394  0.39973108086743026  0.41056144008319906
  0.42136954112202746  0.43205870384434408  0.44268542334837113  0.45324832272931626
  0.46365500846871993  0.47443279634650409  0.48558105863815865  0.49679668949457223
  0.50749144718876882  0.51779230761363548  0.52810706764426851  0.53849750443353150
  0.54849782766341404  0.55853194219547964  0.56898465558635802  0.58002432275858751
  0.59092772495018686  0.60174183894404887  0.61236849126225634  0.62283285864330806
  0.63292316560785555  0.64327504277434300  0.65365832816670988  0.66399991318587093
  0.67431850387053360  0.68483815002041604  0.69500349041325049  0.70507482123476017
  0.71503810435339088  0.72504268318907528  0.73550588831442287  0.74619090457998261
  0.75750822655736649  0.76866137353729580  0.78051834521119645  0.79221394324841687
  0.80293934025733338  0.81314750966702576  0.82356964885247907  0.83407342121796990
  0.84477128691781322  0.85562986090570881  0.86624736619200016  0.87699732632981975
  0.88722170335757577  0.89773068836537662  0.90809383808794841  0.91810755540888778
  0.92829922754218519  0.93866589270835332  0.94935899687113223  0.96022353154249374
  0.97022448894629088  0.98030420920383810  0.99010744246117655  1.00000000000000000
 -0.00221090638388328  0.00964540283711183  0.01939280434571394  0.02986086157778471
  0.03986319318785198  0.05052433731655009  0.06132912783211818  0.07213568313753906
  0.08270080863265331  0.09335144364775763  0.10424482767838848  0.11506196383472436
  0.12573503698735169  0.13621455541287553  0.14653492520889247  0.15658578833844072
  0.16662732549014897  0.17650927569332003  0.18643365466700201  0.19700692301458569
  0.20792304494898178  0.21855937812938317  0.22890026838008110  0.23955220708923591
  0.25045186775690648  0.26086594732982060  0.27126846834238882  0.28181468576338703
  0.29246091951890263  0.30246791906516812  0.31260154592148248  0.32275656992885893
  0.33334869912850995  0.34385837348232784  0.35442363296706803  0.36500374259920559
  0.37580058154091633  0.38676724101358256  0.39754907515888238  0.40794731610199680
  0.41830225199073767  0.42883658567705490  0.43968891960797823  0.45078737487907966
  0.46180793841393941  0.47287194553328177  0.48376137815848225  0.49465256934519242
  0.50566760451422810  0.51673056075000168  0.52783442042587192  0.53876055823695057
  0.54941251162932203  0.55981333702901259  0.57011987562675792  0.58041858221620934
  0.59084793012197601  0.60145783664882746  0.61206699846065693  0.62250184826103994
  0.63285103133337195  0.64344060245765378  0.65426236140192451  0.66474008913355964
  0.67511751144755283  0.68571285823214057  0.69645052563857845  0.70744014250897969
  0.71821413659361033  0.72878794379487011  0.73948576153596834  0.74996134995370145
  0.76116012289022927  0.77190069623845770  0.78317674652417768  0.79434420797410110
  0.80538685107584951  0.81602083721839491  0.82636665351675354  0.83650848059155136
  0.84692804891144102  0.85720001493965503  0.86768040918674427  0.87798767609431916
  0.88851428373163166  0.89921903764015432  0.90957472698442332  0.92002595444348645
  0.93020086203777119  0.94017006040464135  0.94989694249209222  0.95971465927129807
  0.96986408834413684  0.98014505175607058  0.99006995616675364  1.00000000000000000
 -0.00213104757109663  0.01018409017063600  0.02047846981794026  0.03046817133065131
  0.04042479614095110  0.05050606023605208  0.06073698497134884  0.07140507498683189
  0.08210849683512743  0.09367190770384227  0.10494606976396646  0.11573347745246297
  0.12624058157768467  0.13681671755809810  0.14733727974932967  0.15755262800330941
  0.16781509316982895  0.17896219329561103  0.19024190487709283  0.20125186820441765
  0.21226746911432254  0.22298438635249890  0.23352744594227337  0.24374638872226598
  0.25397122220011775  0.26423419471024195  0.27463896899960855  0.28525382706125213
  0.29609594844879800  0.30673723946096854  0.31689934695542188  0.32702877788985901
  0.33698719953847189  0.34719165530474844  0.35721052670016251  0.36737266224667819
  0.37747996483986385  0.38755228309030154  0.39778774077581402  0.40801980669706034
  0.41827745407485073  0.42829132067113018  0.43827702266358304  0.44885953058567662
  0.45976310857749092  0.47078823838575318  0.48189689541864755  0.49293216246584270
  0.50407588506781964  0.51450387148828236  0.52514331613696863  0.53558453520996063
  0.54596805028492945  0.55606041671860595  0.56634111853952596  0.57718606307011122
  0.58839725290311928  0.59962992166470030  0.61040925703723570  0.62107209891589810
  0.63204510034097938  0.64353844247457193  0.65423931331426100  0.66483090062912353
  0.67542065085704395  0.68597762809216623  0.69612444133612583  0.70618646224641957
  0.71676172287482254  0.72729549819385853  0.73769501017673555  0.74765916824218170
  0.75780134194515192  0.76811832377523825  0.77881330574376473  0.78964326261102169
  0.80049565081597363  0.81135186392973813  0.82219445421741133  0.83280407112505062
  0.84323923670767187  0.85333549802321573  0.86365086849523542  0.87380466997027728
  0.88405088084823991  0.89425472846054932  0.90462558824664474  0.91524257449642710
  0.92576139740648600  0.93623891136476889  0.94693793896499323  0.95728743159887575
  0.96786365937740171  0.97845042410412841  0.98936991153147735  1.00000000000000000
 -0.00211478105827397  0.00864699687155993  0.01794158700440877  0.02765097161401481
  0.03727631758417479  0.04667346779058695  0.05608294414023326  0.06603069330569537
  0.07633573419114754  0.08643127396894296  0.09620654951897638  0.10617852816253759
  0.11620171014597336  0.12605579983182269  0.13575241698786442  0.14580350246961704
  0.15638173624309190  0.16675689534784921  0.17667575141528719  0.18670471073328959
  0.19723703144198951  0.20807922913731980  0.21896779432643432  0.22999087010640965
  0.24111203779364729  0.25190845106954396  0.26243000233023678  0.27296941950548048
  0.28362550784685414  0.29453531438708386  0.30538704747921419  0.31614077795343770
  0.32686956396650246  0.33800074307801242  0.34958758961800129  0.36125612740535279
  0.37286136135468340  0.38453592756662625  0.39614670141365915  0.40765387318194751
  0.41907428027003785  0.43034630987138278  0.44149694314614218  0.45277112858972063
  0.46447834050258041  0.47633099082433122  0.48783395882653491  0.49892378816822180
  0.50980816321529165  0.52074199458864689  0.53172589797786607  0.54261623074747145
  0.55351882273376785  0.56445173658003012  0.57577925505331284  0.58695682040487196
  0.59763475241767694  0.60830306757963071  0.61880736100080680  0.62984286392805799
  0.64095712103927283  0.65218801047179498  0.66337282799356823  0.67442299500311098
  0.68556602008524037  0.69641434883136766  0.70723936374151020  0.71785745367266740
  0.72837677788767685  0.73862326516613463  0.74897631986754243  0.75959911483572595
  0.77024571393643815  0.78040801784338731  0.79043354678247002  0.80053694668482356
  0.81107064119795058  0.82161012979231218  0.83217082631146411  0.84247105565027691
  0.85283633329873987  0.86340361363299278  0.87403517065407832  0.88455908081108348
  0.89471249941176623  0.90462005048079841  0.91432948389381075  0.92367108498018524
  0.93309759327708741  0.94242144309973075  0.95167816375272918  0.96105031841644506
  0.97064347159668896  0.98034336044237169  0.99013868915516057  1.00000000000000000
 -0.00265466035488109  0.00964002235706355  0.02021068726254683  0.03085108522995269
  0.04159516898311744  0.05173969296749972  0.06211126222872648  0.07277120104168651
  0.08314297351786470  0.09339554508341602  0.10349463961584170  0.11437239129897646
  0.12516784772939668  0.13591222357435062  0.14653824352513156  0.15764401176585302
  0.16851507619852138  0.17902891473280985  0.18932902045690300  0.19946136643813911
  0.20963424600086450  0.21980430580228236  0.23000843707816870  0.24012213242637784
  0.25046897525491790  0.26106228543847293  0.27198131984156154  0.28282859667285803
  0.29373174308833078  0.30435385776129470  0.31479844928332623  0.32506145397961600
  0.33520528951093154  0.34518722612749303  0.35506169288566175  0.36505963905954097
  0.37520753507069743  0.38570135747745782  0.39661475985768874  0.40778641866946352
  0.41907626270445963  0.43032852054153681  0.44164594956322117  0.45262942985747140
  0.46375419138700885  0.47473545815625423  0.48531263269104452  0.49541621044147971
  0.50528570370468673  0.51525468115808237  0.52531597141561348  0.53576341412089057
  0.54623962609603915  0.55704770926960534  0.56746281836507506  0.57787024686398936
  0.58812647475354940  0.59855895077344967  0.60896563795640168  0.61964290564123425
  0.63039589469675061  0.64137511407510350  0.65238016877975991  0.66342992299056924
  0.67422822596018717  0.68470087396590595  0.69503275654906915  0.70534722409286543
  0.71558692430620641  0.72586363297827705  0.73628531892495075  0.74673870885733817
  0.75683330286237394  0.76688708209376133  0.77711330641516974  0.78767227336680801
  0.79835678171377289  0.80919503455515518  0.82015335502038467  0.83119018012509127
  0.84215361761428931  0.85284965122199607  0.86356995612651632  0.87457695080582432
  0.88572331856972020  0.89676138854811471  0.90747945388402163  0.91820866788221900
  0.92863213678035161  0.93883130459744224  0.94913413755248344  0.95953506970812863
  0.97000795958174990  0.97997054354819868  0.99003071675172982  1.00000000000000000
 -0.00411228563514478  0.11296794712583967  0.13377420849679500  0.14565987464024835
  0.15487281909298325  0.16339529064288069  0.17122570436903528  0.17872967857878494
  0.18613636738608180  0.19342476237884743  0.20048296356162884  0.20736344558568187
  0.21408177406603734  0.22075505936875522  0.22744366660184631  0.23409379579604156
  0.24065710410225710  0.24710477028192845  0.25340381129288547  0.25967004619203765
  0.26600167791046903  0.27239834451671663  0.27873172227319781  0.28496828606097324
  0.29111482180436987  0.29727109144892111  0.30342824494460585  0.30960815371340344
  0.31594272978727433  0.32239498968630576  0.32881685180936487  0.33511262562438543
  0.34127499043592641  0.34753313933628183  0.35376237632568025  0.35995303773637449
  0.36603732108242193  0.37208181231845888  0.37805309089570799  0.38394416421429639
  0.38987780202259559  0.39593990388814565  0.40215473881315533  0.40856035636479593
  0.41497177413949426  0.42121093486098121  0.42723827482849402  0.43337783371169031
  0.43952439076267030  0.44575001040430501  0.45204781100841546  0.45850603201886930
  0.46503639242324507  0.47156952823439913  0.47807486307436059  0.48478910190821961
  0.49147379545708336  0.49803565401523703  0.50472638885095977  0.51159797411904628
  0.51862880394190025  0.52585876965443268  0.53316492844478258  0.54054977387167535
  0.54816946485992568  0.55603215415334772  0.56402415521108307  0.57216500785398750
  0.58043446726291015  0.58867320807192103  0.59695549950324844  0.60521872898363804
  0.61348441516324848  0.62198961818209941  0.63078314621016596  0.63985299115619088
  0.64927171047295917  0.65892582264339061  0.66870665550606301  0.67850218016138619
  0.68851681287690958  0.69907057925511773  0.71012202285514858  0.72166272114155172
  0.73352055379226955  0.74562365524731211  0.75821909938212106  0.77160700407615068
  0.78578932437115723  0.80094865634678081  0.81742556271253186  0.83613139776643952
  0.85833581531310177  0.88414701465817824  0.92112261607766299  1.00000000000000000
 -0.02026462223009788  0.12110627167286935  0.15756671791446697  0.17930012708686283
  0.19637425907693346  0.21084372819885130  0.22367516084036676  0.23511948472879854
  0.24575888341840441  0.25558956969367069  0.26497737112479297  0.27385881835972747
  0.28228364587223775  0.29037225525164645  0.29806568303977560  0.30543151105903060
  0.31260174978735439  0.31979468286177731  0.32707604153145381  0.33446268098437576
  0.34185228817534863  0.34905288661948569  0.35606877488448924  0.36265620942239346
  0.36906895309314364  0.37536243130187413  0.38151426187142784  0.38756073971326510
  0.39348928447271020  0.39926532315472901  0.40495154483213580  0.41070318015064039
  0.41645614060405112  0.42210205031130116  0.42765973043915845  0.43315221754543137
  0.43860491749414754  0.44407024184001243  0.44954926529861522  0.45506935210008859
  0.46052266315822682  0.46586941937512627  0.47115397411105753  0.47643109847592519
  0.48172226353136854  0.48702080086140770  0.49231695271808229  0.49759907383153712
  0.50287107794965857  0.50822464600486394  0.51347175115542432  0.51867615491367669
  0.52395632197344966  0.52927398215739407  0.53464214352250161  0.54001610528266442
  0.54545093819798973  0.55093284387319197  0.55637142633562120  0.56181723779327941
  0.56735121181629489  0.57295932978320874  0.57865499765906192  0.58433582579176169
  0.59013197686714969  0.59602349635525931  0.60197956761369220  0.60799549816052634
  0.61409866204209296  0.62030908652261452  0.62662558226049958  0.63303653784877756
  0.63949451664703427  0.64597986508731853  0.65260643839386179  0.65928693366272761
  0.66603680825696876  0.67288522656143424  0.67994394874084030  0.68711961678996880
  0.69463862396123977  0.70220532978739880  0.71003944746832315  0.71817297436352145
  0.72661149875202924  0.73533864863707898  0.74451182349752576  0.75423670300192236
  0.76492303761860569  0.77638446121729499  0.78924694079971225  0.80387069482983309
  0.82095582124760713  0.84267400205793797  0.87815778632197761  1.00000000000000000
   2.8964416191494672E-006  -1.0000000000000000     
 F F F F F F F F F F F F F F F F
  <DiscreteSampler_grid>
  grouped_processes
  1 # 1 for a reference and 2 for a running grid.
  10 # Attribute 'min_bin_probing_points' of the grid.
  1 # Attribute 'grid_mode' of the grid. 1=='default',2=='initialization'
  0.0000000000000000 # Attribute 'small_contrib_threshold' of the grid.
  0.5000000000000000 # Attribute 'damping_power' of the grid.
 # binID   n_entries weight   weight_sqr   abs_weight
    10   10   6.632195650924155E+006   8.845854999570833E+013   6.632195650924155E+006
    11   10   6.632195650924159E+006   8.845854999570834E+013   6.632195650924159E+006
  </DiscreteSampler_grid>
