  0.00047589179704942  0.00049242315409403  0.00050624223713468  0.00051823901284621
  0.00052933545074907  0.00053997604703714  0.00055027397177932  0.00056058245932234
  0.00057067324826097  0.00058067882643849  0.00059064863451596  0.00060063309982913
  0.00061075678688911  0.00062107330731052  0.00063150939081951  0.00064225132011211
  0.00065308114229374  0.00066382111699732  0.00067465775977860  0.00068609151857798
  0.00069876472555656  0.00071165984048456  0.00072458633003923  0.00073747461107628
  0.00075037713718771  0.00076388813716150  0.00077780141535473  0.00079203338463315
  0.00080653499102400  0.00082189810360969  0.00083799974801153  0.00085399980100380
  0.00086997409151922  0.00088650226624257  0.00090494158404211  0.00092430147764057
  0.00094358704854369  0.00096265708599017  0.00098304755513005  0.00100516985975040
  0.00102859851172509  0.00105347536315400  0.00107901311155393  0.00110602825502373
  0.00113400221830668  0.00116244185297838  0.00119271167749719  0.00122373185975038
  0.00125576227384441  0.00128824579889374  0.00132264051529304  0.00135714931634733
  0.00139245179894064  0.00142918248878505  0.00146621808990867  0.00150392133891806
  0.00154407912834954  0.00158799369267880  0.00163435505446234  0.00168539111061476
  0.00174339359058776  0.00180486097484882  0.00187039344353140  0.00193963593808584
  0.00201241231083535  0.00209096607374611  0.00217050989003377  0.00225159972888121
  0.00233554494169037  0.00243233379842937  0.00253646354657206  0.00264481389602680
  0.00275301432159514  0.00287374117086484  0.00301071429109262  0.00317288787705800
  0.00335658257186044  0.00357297657076625  0.00381294297703596  0.00409654250737499
  0.00442214926947920  0.00476417576655213  0.00508166184053243  0.00539201298100579
  0.00570592415029973  0.00610550157731210  0.00664405753300795  0.00736993043546482
  0.00823718387030578  0.00941377995022523  0.01116686089539513  0.01304685217171838
  0.01483566369756305  0.01873931776702150  0.20581219981853430  1.00000000000000000
  0.00002056360659052  0.00003887285995998  0.00005182878555344  0.00006369047128506
  0.00007565212194647  0.00008674744512194  0.00009800436337113  0.00010877852814099
  0.00011938471210604  0.00012928537648359  0.00013898065857110  0.00014905556170736
  0.00015993872040224  0.00017107829205143  0.00018239822075182  0.00019428042067906
  0.00020680496824708  0.00022033035839827  0.00023470515608112  0.00025000490590212
  0.00026615444234337  0.00028332805340465  0.00030189246567707  0.00032122704202458
  0.00034051523439381  0.00035967469330061  0.00038048652601175  0.00040236669366607
  0.00042422116579527  0.00044550140553568  0.00046734633259716  0.00048952708556879
  0.00051259819052807  0.00053580270740759  0.00055965818199588  0.00058403653010420
  0.00060921492272304  0.00063644031059665  0.00066437617297680  0.00069335250340639
  0.00072262131731620  0.00075325024576054  0.00078555924261350  0.00081917030531636
  0.00085391580269846  0.00088955677854655  0.00092643751594220  0.00096408271777930
  0.00100202469058879  0.00104210821610320  0.00108367946271393  0.00112765882328754
  0.00117389012944554  0.00122207421836751  0.00127226296705570  0.00132424727777124
  0.00137730241677797  0.00143271791341776  0.00148879665297921  0.00154743288997203
  0.00161117445795289  0.00167885840286490  0.00175630483910555  0.00183573680513756
  0.00191589973597402  0.00199908175483426  0.00208673348411066  0.00217711996371859
  0.00227304568851919  0.00237660903529535  0.00249489364287903  0.00262322768878790
  0.00275365234483509  0.00288615580566434  0.00302228725758060  0.00316684575398315
  0.00331603956110456  0.00347301714315999  0.00365133496871757  0.00387418455719419
  0.00417066812401799  0.00447146145884463  0.00481714347701880  0.00520491740305463
  0.00574881650502596  0.00628245443768227  0.00691003225517485  0.00752575413289888
  0.00823512709166187  0.00937913291665173  0.01091885233291125  0.01242068716736838
  0.01414325684508476  0.01626770850851644  0.20245861664913919  1.00000000000000000
 -0.00270281440551202  0.00994072777897812  0.02076979527898432  0.03161158749510320
  0.04225804427301686  0.05288521935556774  0.06373327179748275  0.07467895895529071
  0.08567276600332899  0.09671863499245832  0.10787607406264370  0.11909567306779677
  0.13017104424015591  0.14095052431031549  0.15142085065793381  0.16172830430690230
  0.17199636844749924  0.18234537739552681  0.19298014215918285  0.20380173932759726
  0.21447357350920643  0.22490439347407420  0.23499655314453813  0.24502840454861211
  0.25539691652362595  0.26567145813337151  0.27559804779094205  0.28553443453959920
  0.29573570775261238  0.30627075151765559  0.31663888343985036  0.32669615261181739
  0.33711100324423510  0.34773310093898346  0.35797487307138615  0.36764174913469555
  0.37732748606785804  0.38752433972696754  0.39802488375503992  0.40841322325878815
  0.41873210863000165  0.42899218231530567  0.43939224520550696  0.44977352633271933
  0.46042124615186164  0.47095336038898966  0.48153393986171500  0.49195325995281453
  0.50221555013566865  0.51217523761319350  0.52228643484540638  0.53248074483826835
  0.54303460534387671  0.55399848811281016  0.56522994411884853  0.57653275693410566
  0.58731075970178082  0.59772843522389341  0.60830683280490327  0.61891721745885220
  0.62946392738835233  0.63996806606350554  0.65075613448065461  0.66181456549310236
  0.67220290438555508  0.68190347413287444  0.69183788226222653  0.70263629719098963
  0.71378958682021687  0.72453961643883136  0.73473392483374234  0.74476711930150397
  0.75472551339209448  0.76468987333840122  0.77457918735883124  0.78461375083546314
  0.79479657014515825  0.80500325176449505  0.81543895959913537  0.82619457128595442
  0.83742472070800089  0.84841681294070015  0.85933411596988607  0.87024261835734695
  0.88136216870838913  0.89240905403280890  0.90280631186037508  0.91231898105488107
  0.92208947448334011  0.93258060367199380  0.94363333238094937  0.95430413893304744
  0.96569646425531119  0.97744540212787867  0.98916697354187066  1.00000000000000000
 -0.00204894847952904  0.00873011302038777  0.01778603073346187  0.02718664307328708
  0.03690790838607720  0.04707257894471120  0.05741639716092920  0.06746411732149221
  0.07769135717508578  0.08849290979607065  0.09970797938771793  0.11087998758208971
  0.12191224466576811  0.13269344717633169  0.14309833749493195  0.15284205881374754
  0.16244706190554078  0.17220235657096675  0.18236808535469201  0.19301836046017415
  0.20383008037742778  0.21499058100793142  0.22619459362733027  0.23732971203583478
  0.24849291985234964  0.25947709933197954  0.27052297819880283  0.28188243186896245
  0.29342975120050696  0.30526422562055833  0.31672900477188554  0.32748033814102867
  0.33818857094999311  0.34828838827727521  0.35822995932738677  0.36805373595381469
  0.37822816006512705  0.38892591526149189  0.39962224003548641  0.40975757759499815
  0.42012059858910145  0.43046988488982724  0.44085198397239805  0.45129585202005412
  0.46213940616929372  0.47288937434841327  0.48374612249158994  0.49415870475036661
  0.50493837459315871  0.51545521829808671  0.52589890498023817  0.53669681432450123
  0.54717874781731002  0.55734076464514071  0.56725070254180954  0.57725266486230042
  0.58743983090697327  0.59747805571166945  0.60775882305100992  0.61896034438966296
  0.62998015016850162  0.64127078268991189  0.65248336124073492  0.66365197888494643
  0.67393314976962537  0.68406904393362966  0.69453784359488013  0.70578219693100419
  0.71687153981716656  0.72775069935434700  0.73823043359160401  0.74859999635778296
  0.75947198010761718  0.77079133377424891  0.78147730853109754  0.79219423035496916
  0.80275358438950684  0.81348363623771269  0.82394389838657411  0.83439952919920102
  0.84531028430609878  0.85593423612659214  0.86644314192678018  0.87752125754117327
  0.88881737771789704  0.89937095479821572  0.90929935073964052  0.91918510963005973
  0.92942119965929559  0.93954014981505407  0.94965029803435885  0.95976893775434724
  0.96983836938749657  0.97985726347490931  0.98999570215076971  1.00000000000000000
 -0.00233232524243216  0.00929449491966505  0.01954666757595271  0.02952828859146900
  0.03972141617383178  0.05003014456775257  0.06083526655232371  0.07107467913051455
  0.08135597530599353  0.09188792297307868  0.10263470604635490  0.11275881822330057
  0.12240930128375149  0.13190454831855020  0.14161745901953748  0.15151078135104096
  0.16163490135980335  0.17173683691534716  0.18229367969456087  0.19292929193940045
  0.20401613384384154  0.21553626827915007  0.22757545492624190  0.23868280825236790
  0.24985769435272967  0.26078195432393514  0.27183737731559454  0.28248158804912621
  0.29277275285719284  0.30357266923703691  0.31490202580964743  0.32686014751445319
  0.33850679245805021  0.34957607710121813  0.36030924714805329  0.37114268142142476
  0.38216985879789528  0.39279150716501632  0.40314068062669561  0.41343632522747592
  0.42388558882397454  0.43433284566347291  0.44451989951037701  0.45511303074277459
  0.46605982602013851  0.47724928383751658  0.48845026122448409  0.49968616846144570
  0.51117593432232922  0.52256527537518216  0.53336425066885829  0.54394051376195862
  0.55444952650768342  0.56486177049505482  0.57517318076044477  0.58566145216078469
  0.59664650781131101  0.60808584626431872  0.61966166049317495  0.63097278661302592
  0.64185066311420647  0.65222727716369999  0.66219208092758641  0.67243658476607326
  0.68250647372716378  0.69257658849072390  0.70261103618128740  0.71259660719020257
  0.72246324325120714  0.73215948053322399  0.74189843937677946  0.75140640752935361
  0.76070345039310860  0.77041592696198435  0.78107856206658088  0.79187244228697140
  0.80236452357951749  0.81262755038660583  0.82317184573021907  0.83374953442555066
  0.84459763657125309  0.85560621017974869  0.86642353933708094  0.87682317633457363
  0.88663899525609202  0.89645842768353967  0.90611179696452882  0.91573959842278718
  0.92584396957480475  0.93626626985678219  0.94714200948219440  0.95791434362673111
  0.96877742066276906  0.97953039222103144  0.98974551338069972  1.00000000000000000
 -0.00981445436287386  0.07186185273023916  0.11135581837946554  0.13871929801014737
  0.16070530977461178  0.17962766122286541  0.19661208093739274  0.21206218867363572
  0.22589672176911688  0.23859517544921915  0.25058360718464900  0.26202300595688210
  0.27291865960397366  0.28363160509904206  0.29411884389198739  0.30436194040253212
  0.31422334453432665  0.32387005500916394  0.33353785453594065  0.34314356897777953
  0.35251290966841403  0.36140979277900331  0.37007527450520616  0.37875121134766115
  0.38744613532077049  0.39586608184882222  0.40376293116001144  0.41140761944394677
  0.41905221352771505  0.42666494100590741  0.43443035455158518  0.44200286582993248
  0.44958417874024575  0.45719870344885999  0.46482036297134233  0.47227104799683350
  0.47954203853279276  0.48681657809088225  0.49414229603352755  0.50155245549238314
  0.50896347755417914  0.51645054504696153  0.52391151817293191  0.53133651516217828
  0.53873220915138420  0.54601038548319092  0.55313193412328621  0.56000375078021047
  0.56668232340937730  0.57345265453798056  0.58038359506423987  0.58766924877197158
  0.59453911123805947  0.60149393425530739  0.60802172770902296  0.61457532161789707
  0.62126740566712446  0.62788409652398558  0.63444079636167394  0.64111587715988805
  0.64783740882286600  0.65452568005122436  0.66105637380087356  0.66753443004063340
  0.67424588857790813  0.68121993816629545  0.68835560938160401  0.69576794562114852
  0.70315764723517593  0.71049681064363435  0.71736807227534305  0.72440183267954994
  0.73128664139510247  0.73823209110680454  0.74539745412814429  0.75291099158623420
  0.76078769103162924  0.76891531570021032  0.77732697323328970  0.78611357930002834
  0.79471044569190574  0.80288973220464188  0.81141166802466347  0.82011261798978319
  0.82901170477877595  0.83814237746567455  0.84756679086085562  0.85759564106822550
  0.86824638957038591  0.87923352921526510  0.89084322590236664  0.90376210136154844
  0.91808612236910758  0.93498883916847964  0.95847601365673141  1.00000000000000000
 -0.01837705939953068  0.11525733066193056  0.15149814994011504  0.17422457210850287
  0.19144239972462648  0.20618598524178719  0.21928783477464486  0.23117298461798139
  0.24236222364591425  0.25267609697622873  0.26232291466076829  0.27145146088133770
  0.28030005595457341  0.28893489370856484  0.29707538308605386  0.30478835808043980
  0.31222164482348447  0.31951596226291823  0.32675962849024354  0.33398486704869534
  0.34072226663899924  0.34703008105269229  0.35327018110226632  0.35956362783549906
  0.36609670876997841  0.37259500509854387  0.37891996655582161  0.38524240054442427
  0.39154463288682578  0.39776970792591293  0.40388488708143067  0.40980587721296036
  0.41577538109266104  0.42156486019339823  0.42741108317010923  0.43316345929882694
  0.43879332268720939  0.44446254829633292  0.45024402365721594  0.45603689965582533
  0.46162409379150987  0.46711768918864088  0.47258103894244263  0.47798005180187858
  0.48330446864509075  0.48860174633706055  0.49387409376616809  0.49929837267558369
  0.50471155336949236  0.51018203892118164  0.51570856105046758  0.52114992044085784
  0.52655925716859786  0.53197033196067767  0.53735594538787534  0.54276721951585249
  0.54823122489341114  0.55371885886712158  0.55928447675368964  0.56508954732690997
  0.57107914369874913  0.57692677830985939  0.58285304888482159  0.58872724391596643
  0.59451183099155225  0.60036378237161758  0.60630761433070635  0.61235535271814012
  0.61841723483045596  0.62439743253540958  0.63050621545014651  0.63681368800733484
  0.64319340605381070  0.64965003558187029  0.65631309166883967  0.66304220257216762
  0.67015800932573799  0.67728808812308439  0.68451981387388272  0.69199736409241452
  0.69989511095374313  0.70789586631401369  0.71573587836218511  0.72392568890507458
  0.73276711269885964  0.74198296520381257  0.75120850346493095  0.76124868692920200
  0.77231465045509062  0.78426936871681618  0.79707878963204082  0.81130117522049094
  0.82785799546581873  0.84984895973506169  0.88522123194944435  1.00000000000000000
   2.7769412034247245E-006  -1.0000000000000000     
 F F F F F F F F F F F F F F F F
  <DiscreteSampler_grid>
  grouped_processes
  1 # 1 for a reference and 2 for a running grid.
  10 # Attribute 'min_bin_probing_points' of the grid.
  1 # Attribute 'grid_mode' of the grid. 1=='default',2=='initialization'
  0.0000000000000000 # Attribute 'small_contrib_threshold' of the grid.
  0.5000000000000000 # Attribute 'damping_power' of the grid.
 # binID   n_entries weight   weight_sqr   abs_weight
    10   10   1.577235716527564E+003   1.223661539133098E+007   1.577235716527564E+003
    16   10   1.577235716527564E+003   1.223661539133098E+007   1.577235716527564E+003
  </DiscreteSampler_grid>
