  0.00001834148248241  0.00003366135088358  0.00004138372900355  0.00004627629679377
  0.00005155708943009  0.00005746718250106  0.00006284423500631  0.00006770631886936
  0.00007243862685030  0.00007718694424939  0.00008190898079154  0.00008657005267291
  0.00009119233645017  0.00009595968854389  0.00010089715935540  0.00010594598837801
  0.00011113590788189  0.00011661298540340  0.00012231430410503  0.00012847328132748
  0.00013513611413158  0.00014203482600008  0.00014902372880726  0.00015627195573969
  0.00016373563060019  0.00017147333660419  0.00017961988246201  0.00018830812671334
  0.00019736072571312  0.00020701769280133  0.00021721422236463  0.00022866767174607
  0.00024195269247933  0.00025652761217290  0.00027275650104506  0.00028904945645932
  0.00030624675825979  0.00032458170748764  0.00034392508718377  0.00036381551709743
  0.00038436185978851  0.00040592579451524  0.00042791274641501  0.00045027777598899
  0.00047270377353175  0.00049615055113161  0.00052091369514621  0.00054655434192310
  0.00057325089733361  0.00060014525673773  0.00062812532853456  0.00065731032335995
  0.00068779500144363  0.00071958067570312  0.00075206466943693  0.00078503721050432
  0.00081876111418962  0.00085327314925857  0.00088911434126380  0.00092658363568556
  0.00096580938901845  0.00100842383169899  0.00105485312938369  0.00110511205400143
  0.00115629276677249  0.00120916488769526  0.00126338410169420  0.00132130887676912
  0.00138439896572095  0.00144676698334949  0.00151910992935320  0.00159607461670664
  0.00168416048306963  0.00177774334063407  0.00187390638128747  0.00197583193454677
  0.00208730243981963  0.00220627363492716  0.00233569829426571  0.00247867219303458
  0.00264056096378174  0.00280020873861658  0.00296074879856121  0.00314668149665449
  0.00339899738862370  0.00370470177675839  0.00403797535790865  0.00442356978453149
  0.00478841863329948  0.00524228600748010  0.00580659969228809  0.00672070517676431
  0.00832782111529764  0.01236475737053954  0.33448630365125781  1.00000000000000000
  0.00004273229176110  0.00004980945970157  0.00005659124136716  0.00006496747843027
  0.00007400356457403  0.00008284542944004  0.00009241101001622  0.00010234817835597
  0.00011237543859085  0.00012219941927467  0.00013177188926153  0.00014096774657721
  0.00014969602916865  0.00015836650604221  0.00016724240967541  0.00017641804044091
  0.00018612558333551  0.00019626740304771  0.00020709438492058  0.00021857756807342
  0.00023096847688479  0.00024416461259157  0.00025788522392947  0.00027209796837323
  0.00028743045645302  0.00030324756779875  0.00031954643717224  0.00033596090969272
  0.00035256773490209  0.00036912175802977  0.00038559498097780  0.00040265369348996
  0.00042057153875387  0.00043874426376033  0.00045779034148562  0.00047672507114915
  0.00049677865857311  0.00051773274464209  0.00053909245404653  0.00056130673416187
  0.00058412907297046  0.00060731035113651  0.00062992468400514  0.00065153344072939
  0.00067368315364690  0.00069812362040992  0.00072445256206229  0.00075285347885907
  0.00078240121670061  0.00081293826089924  0.00084646756141664  0.00088173179907243
  0.00091853877022253  0.00095709685522092  0.00099653994197245  0.00103684136095514
  0.00107990288155301  0.00112329372483718  0.00117065353334542  0.00121773089230156
  0.00126468760002618  0.00131193247625131  0.00136169624720865  0.00141547944278105
  0.00147199571370247  0.00152997469242924  0.00158780370832004  0.00164215371767005
  0.00170092069995386  0.00176891524472425  0.00184326630888192  0.00192605418265440
  0.00200751352014428  0.00209972765266066  0.00219661739938545  0.00229635696373955
  0.00239785532251755  0.00250203440144194  0.00262512262355939  0.00275684548433682
  0.00289735668624177  0.00305228150213512  0.00320537887308131  0.00338087080882853
  0.00356356911748193  0.00376982489142123  0.00402018837253698  0.00437964688351721
  0.00484076203429930  0.00531619845204611  0.00580636820096205  0.00638147897940525
  0.00710189513116112  0.00918868489338050  0.22524138226388657  1.00000000000000000
 -0.00226114901217470  0.00784747190121782  0.01769250183957041  0.02813494461129517
  0.03892555389516825  0.04943869428873661  0.05978671023036063  0.07036130872711294
  0.08113409922861778  0.09183288615380075  0.10243752934527166  0.11313291732200514
  0.12409063496516355  0.13481493165600161  0.14532115476943996  0.15539096782342465
  0.16579571325436637  0.17675720239367942  0.18853563585588931  0.20000810194785579
  0.21115177881100619  0.22168702826320968  0.23190363671979322  0.24178609026601663
  0.25153533331263306  0.26185623691380328  0.27337147889442165  0.28599779919573876
  0.29861257961184190  0.31046949739400331  0.32144786425781952  0.33131528280183298
  0.34070447118662872  0.35010478198378647  0.35976314817077931  0.36919762942802703
  0.37862501757522832  0.38808112456738886  0.39768275397602332  0.40756389698477258
  0.41783287686222448  0.42881405664519689  0.44008367594631359  0.45133962056663973
  0.46212656315331846  0.47198412380994076  0.48168947711669136  0.49150078789599960
  0.50178962541396666  0.51160608738961388  0.52123345391701803  0.53242675331722322
  0.54400535194536004  0.55568520189272608  0.56702334855322456  0.57915033616496070
  0.59073685924045194  0.60200399725177522  0.61283379227283763  0.62377402675198179
  0.63408251649531699  0.64377709487277779  0.65288351080813500  0.66186833580203319
  0.67120337274674813  0.68065118641848643  0.69044231560896074  0.70044212449335297
  0.71075128010627298  0.72152184988257217  0.73230978798354385  0.74288382556742605
  0.75365317064968362  0.76437266637914647  0.77517316386604806  0.78575404608932164
  0.79603246936143435  0.80634808169254557  0.81600680487310617  0.82589188018501214
  0.83586504854496602  0.84613391658929571  0.85688283457708780  0.86851155531118085
  0.88049853371322828  0.89209877355662015  0.90268793953491422  0.91312285494208123
  0.92401105002603845  0.93529679362311891  0.94597165651228565  0.95624145890607115
  0.96699457135107603  0.97765597634563062  0.98848656230098308  1.00000000000000000
  0.00041919118695473  0.00048848853814326  0.00057365327794972  0.00069648521138954
  0.00080934133753390  0.00091436863242095  0.00102050573693236  0.00112697948704713
  0.00123954182385259  0.00135335980253789  0.00147067709505964  0.00158788424066936
  0.00170500293357071  0.00182637641344239  0.00194868202308611  0.00207166738412723
  0.00219627448980219  0.00232253619806459  0.00245191616268805  0.00258253266805565
  0.00271600713307850  0.00285053425076781  0.00298589713679491  0.00313109243967335
  0.00327898357082756  0.00343025703493760  0.00358444783681304  0.00374331508779890
  0.00391019810510383  0.00408223098821328  0.00425358200912552  0.00442246310452912
  0.00458495571814615  0.00475079635323037  0.00492156326881728  0.00510650818699640
  0.00530410192536793  0.00550360536499831  0.00569223943517223  0.00588022348693754
  0.00606710558802745  0.00625568208784551  0.00645177667405903  0.00665087395148730
  0.00685946745450708  0.00707783790735038  0.00729753272589421  0.00751493126223204
  0.00772913607961474  0.00796023155710041  0.00820552649145035  0.00845656687509786
  0.00870878267481258  0.00896763669289663  0.00925677138653522  0.00957809524303818
  0.00993238053417654  0.01025549585511484  0.01056967934476745  0.01086222427552569
  0.01113008441320446  0.01138371247607835  0.01162388780397860  0.01186535530242594
  0.01212128722317866  0.01239559367846634  0.01269745349583042  0.01307465968664981
  0.01362656362302641  0.01414014271875741  0.01456324182945438  0.01492782713391393
  0.01535980964257725  0.01584283708878064  0.01653193846965566  0.01729643601040456
  0.01795017099159208  0.01852131641771449  0.01925940836737882  0.01974707509668768
  0.02034140463866314  0.02175845737723861  0.02268365463943458  0.02351209691761713
  0.02592100737689467  0.02716915911289958  0.02862703370985934  0.03009042373694545
  0.03140652549298082  0.03558015728947275  0.03663517078011447  0.03748007321198403
  0.03965541377447007  0.07066736468607639  0.49407250896864396  1.00000000000000000
 -0.00229019947761320  0.00742695873936408  0.01584829050068384  0.02458195455084163
  0.03318869748647371  0.04175867291617082  0.05066716125056196  0.05989273595531168
  0.06930250034026005  0.07882668139349676  0.08831734334832182  0.09771300153354184
  0.10689711214807737  0.11583826338963432  0.12491572036993015  0.13400570905512479
  0.14315927637838069  0.15234705320982558  0.16105328162171251  0.16965958035923356
  0.17867629026506349  0.18793523327459505  0.19795212872021498  0.20802284189245263
  0.21869765335747554  0.22956798500536604  0.24025448686607198  0.25148480723585775
  0.26255119773789420  0.27395910643995502  0.28470829540871695  0.29566265116183954
  0.30634762111610220  0.31698141346803027  0.32814695318288750  0.33996604186482321
  0.35246210676147871  0.36509676091864651  0.37769139040552591  0.39022211407079843
  0.40279055865527752  0.41554689346685497  0.42841707532802387  0.44083721254348002
  0.45273367822714888  0.46543171233567471  0.47935963404527016  0.49482640257481503
  0.51086258466816070  0.52678304765707606  0.54138456818929737  0.55530067696429131
  0.56866744479138720  0.58169080434395104  0.59442344897152100  0.60718806428218430
  0.62009754044369358  0.63348425645423856  0.64684493879330185  0.65991521789464447
  0.67188165408799838  0.68338096664240189  0.69398767525448368  0.70478111493798468
  0.71614049010770919  0.72768641566503700  0.73895158609984413  0.74954138958045935
  0.75996868336188073  0.76964850268495921  0.77923597624325946  0.78873304581616677
  0.79861031207739741  0.80822983738667520  0.81746495125945229  0.82663586922833554
  0.83587009245387589  0.84479294240738056  0.85303171141119716  0.86149070953055140
  0.86974073278300545  0.87820621995430936  0.88695683369777956  0.89585885384241926
  0.90481312298869121  0.91377524723654102  0.92278374084374759  0.93190925935474156
  0.94089567412076469  0.94943243755345519  0.95777023886984092  0.96610702539134941
  0.97440330567593791  0.98264844480789793  0.99118451918008632  1.00000000000000000
 -0.01069883196791193  0.07825279886114905  0.11904801473776677  0.14620726748308832
  0.16844707629211050  0.18793799314171961  0.20596879537255883  0.22265153325937984
  0.23751230072752777  0.25139409042806338  0.26474089531890738  0.27790877278600828
  0.28955902221028806  0.30069974595775406  0.31170917610279419  0.32254401684129747
  0.33291173031089616  0.34296946276799051  0.35307337252580678  0.36332319093699489
  0.37349883289093377  0.38329550462898038  0.39265553050689134  0.40183765280605255
  0.41088335755834249  0.41961218233425424  0.42801539240623176  0.43608071485825278
  0.44404310490278670  0.45193769378205195  0.45979661890368673  0.46766481681488331
  0.47538061707008317  0.48298986724168858  0.49049340384895240  0.49803840420308093
  0.50561109152370132  0.51305806383075026  0.52050773513178472  0.52790534065370565
  0.53527163888653995  0.54253506281213504  0.54988299545844010  0.55718932814340871
  0.56469213269599339  0.57205372825999046  0.57946090538493000  0.58652036269327612
  0.59324589432770458  0.59988124720551339  0.60671694873233728  0.61385833639357057
  0.62123941482931533  0.62866025512738399  0.63603096606343656  0.64337677529258985
  0.65054111363665057  0.65754281413271298  0.66471243378828959  0.67193076009932762
  0.67909959706644496  0.68615715701356017  0.69292588106133968  0.69968854066490471
  0.70645105257601537  0.71365989748177849  0.72111588309224839  0.72858997671872894
  0.73602238624872363  0.74390714296913307  0.75220739664699310  0.76067405717036607
  0.76908649439682486  0.77710815074187700  0.78456829361693048  0.79197334725071378
  0.79912939997332078  0.80662889839939400  0.81407036355837326  0.82155363509614632
  0.82929024245023453  0.83725313227482512  0.84531134355034654  0.85338851659168513
  0.86213456209732542  0.87088441015588836  0.88032335490881275  0.89000461224233474
  0.89991234211357263  0.90987852254040080  0.92009251575537165  0.93113970238551713
  0.94315997668571028  0.95665865651157722  0.97378177186481707  1.00000000000000000
 -0.01916274479465701  0.11566878205778651  0.15246459861375702  0.17514249797030787
  0.19257016175599928  0.20654673487592173  0.21947574482031701  0.23181142443106273
  0.24316127811889746  0.25287694727761961  0.26206020108639566  0.27126208398106905
  0.28036767854551070  0.28939319759933263  0.29806461348640556  0.30625987270600719
  0.31403597613154233  0.32125345470765948  0.32857558734590642  0.33597309433414380
  0.34317534348014034  0.35018589122865007  0.35670161427737318  0.36294003813561998
  0.36898919296447347  0.37491417581186515  0.38065496620333683  0.38644600610225882
  0.39229726214451099  0.39779412482032367  0.40287845127286021  0.40797120325295061
  0.41319279944079823  0.41860026835620806  0.42414511437705310  0.42961061326719591
  0.43477581968497558  0.44000265046784065  0.44530670929065480  0.45081859609770164
  0.45659029705715776  0.46246759070979782  0.46844878056218803  0.47439166112422598
  0.48018919387442788  0.48590858998841990  0.49153314966050976  0.49711740388062126
  0.50291061983098562  0.50851926545022019  0.51405834981550091  0.51949442755474617
  0.52478255629559689  0.53036840201029833  0.53604530525419969  0.54175078123173148
  0.54748345900073669  0.55315994345479780  0.55871956873044393  0.56425350978749267
  0.56967321255171011  0.57511093562541593  0.58079960979354706  0.58650574886442397
  0.59219704392125438  0.59795671475262047  0.60384573019998666  0.61000494729033483
  0.61616491293830555  0.62206864927072092  0.62795526997169782  0.63408414329444784
  0.64042956367804282  0.64709349139556271  0.65398795982591273  0.66083540486394543
  0.66740371285785793  0.67395596508668210  0.68074992221724806  0.68799726055002575
  0.69538848076983972  0.70283017416670879  0.71059786749703957  0.71882183558069068
  0.72724919062110549  0.73620284495835775  0.74555158833993862  0.75574924792315124
  0.76684058011642742  0.77903273963125619  0.79268676393934312  0.80812265257471394
  0.82623799659750130  0.84927051049501734  0.88648104158007324  1.00000000000000000
   1.4122808670222123E-006  -1.0000000000000000     
 F F F F F F F F F F F F F F F F
  <DiscreteSampler_grid>
  grouped_processes
  1 # 1 for a reference and 2 for a running grid.
  10 # Attribute 'min_bin_probing_points' of the grid.
  1 # Attribute 'grid_mode' of the grid. 1=='default',2=='initialization'
  0.0000000000000000 # Attribute 'small_contrib_threshold' of the grid.
  0.5000000000000000 # Attribute 'damping_power' of the grid.
 # binID   n_entries weight   weight_sqr   abs_weight
    10   10   7.981979964128401E+002   1.198549781593686E+006   7.981979964128401E+002
    16   10   7.981979964128399E+002   1.198549781593685E+006   7.981979964128399E+002
  </DiscreteSampler_grid>
